344.23	-177.13
344.46	-29.13
344.69	-26.13
344.92	-32.13
345.15	-30.13
345.38	-29.13
345.61	-26.13
345.84	-26.13
346.07	-22.13
346.30	-27.13
346.53	-22.13
346.77	-27.13
347.00	-16.13
347.23	-19.13
347.46	-19.13
347.69	-20.13
347.92	-18.13
348.15	-19.13
348.38	-19.13
348.61	-22.13
348.84	-21.13
349.07	-18.13
349.30	-25.13
349.53	-20.13
349.76	-21.13
349.99	-22.13
350.22	-24.13
350.45	-22.13
350.68	-25.13
350.91	-21.13
351.14	-26.13
351.37	-22.13
351.60	-20.13
351.83	-21.13
352.07	-23.13
352.30	-20.13
352.53	-20.13
352.76	-24.13
352.99	-20.13
353.22	-20.13
353.45	-20.13
353.68	-22.13
353.91	-23.13
354.14	-20.13
354.37	-23.13
354.60	-22.13
354.83	-19.13
355.06	-21.13
355.29	-22.13
355.52	-22.13
355.75	-22.13
355.98	-23.13
356.21	-20.13
356.44	-20.13
356.67	-20.13
356.90	-21.13
357.13	-20.13
357.36	-18.13
357.59	-20.13
357.82	-23.13
358.05	-22.13
358.28	-22.13
358.51	-25.13
358.74	-24.13
358.97	-22.13
359.20	-22.13
359.43	-22.13
359.66	-15.13
359.89	-20.13
360.12	12.87
360.35	-21.13
360.58	-14.13
360.81	-23.13
361.04	-24.13
361.27	-20.13
361.50	-15.13
361.73	-22.13
361.96	-18.13
362.19	-19.13
362.42	-18.13
362.65	-20.13
362.88	-20.13
363.11	-18.13
363.34	-20.13
363.57	-19.13
363.80	-21.13
364.03	-20.13
364.26	-6.13
364.49	-22.13
364.72	-22.13
364.95	-20.13
365.18	-22.13
365.41	-18.13
365.64	-19.13
365.87	-19.13
366.10	-20.13
366.33	-16.13
366.56	-21.13
366.79	-18.13
367.02	-17.13
367.25	-22.13
367.48	-20.13
367.71	-21.13
367.94	-20.13
368.17	-20.13
368.40	-17.13
368.63	-22.13
368.86	-15.13
369.09	-22.13
369.32	-17.13
369.55	-19.13
369.78	-23.13
370.01	-22.13
370.24	-22.13
370.46	-16.13
370.69	-22.13
370.92	-21.13
371.15	-19.13
371.38	-20.13
371.61	-16.13
371.84	-19.13
372.07	-20.13
372.30	-18.13
372.53	-22.13
372.76	-17.13
372.99	-16.13
373.22	-16.13
373.45	-17.13
373.68	-21.13
373.91	-18.13
374.14	-21.13
374.37	-17.13
374.60	-17.13
374.83	-17.13
375.06	-19.13
375.29	-24.13
375.51	-9.13
375.74	-15.13
375.97	-22.13
376.20	-18.13
376.43	-15.13
376.66	-20.13
376.89	-15.13
377.12	-15.13
377.35	-17.13
377.58	-15.13
377.81	-19.13
378.04	-17.13
378.27	-22.13
378.50	-23.13
378.73	-22.13
378.96	-20.13
379.18	-17.13
379.41	-19.13
379.64	-19.13
379.87	-20.13
380.10	-20.13
380.33	-18.13
380.56	-21.13
380.79	-20.13
381.02	-18.13
381.25	-19.13
381.48	-17.13
381.71	-20.13
381.94	-20.13
382.16	-20.13
382.39	-21.13
382.62	-22.13
382.85	-25.13
383.08	-17.13
383.31	-16.13
383.54	-12.13
383.77	-19.13
384.00	-16.13
384.23	-18.13
384.46	-20.13
384.69	-22.13
384.91	-21.13
385.14	-16.13
385.37	-12.13
385.60	-20.13
385.83	-18.13
386.06	-18.13
386.29	-20.13
386.52	-21.13
386.75	-16.13
386.98	-19.13
387.20	-19.13
387.43	-22.13
387.66	-18.13
387.89	-21.13
388.12	-24.13
388.35	-16.13
388.58	-19.13
388.81	-19.13
389.04	-17.13
389.27	-12.13
389.49	-12.13
389.72	-20.13
389.95	-19.13
390.18	-21.13
390.41	-14.13
390.64	-22.13
390.87	-19.13
391.10	-20.13
391.32	-21.13
391.55	-20.13
391.78	-22.13
392.01	-20.13
392.24	-19.13
392.47	-17.13
392.70	-18.13
392.93	-14.13
393.15	-23.13
393.38	-17.13
393.61	-18.13
393.84	-20.13
394.07	-14.13
394.30	-22.13
394.53	-19.13
394.76	-19.13
394.98	-24.13
395.21	-15.13
395.44	-17.13
395.67	-21.13
395.90	-21.13
396.13	-20.13
396.36	-13.13
396.58	-23.13
396.81	-18.13
397.04	-19.13
397.27	-23.13
397.50	-24.13
397.73	-20.13
397.96	-18.13
398.18	-18.13
398.41	-16.13
398.64	-14.13
398.87	-18.13
399.10	-18.13
399.33	-14.13
399.56	-20.13
399.78	-20.13
400.01	-21.13
400.24	-21.13
400.47	-17.13
400.70	-21.13
400.93	-21.13
401.15	-20.13
401.38	-21.13
401.61	-17.13
401.84	-22.13
402.07	-19.13
402.30	-18.13
402.53	-22.13
402.75	-19.13
402.98	-23.13
403.21	-13.13
403.44	-18.13
403.67	-17.13
403.90	-18.13
404.12	-20.13
404.35	-18.13
404.58	-22.13
404.81	-21.13
405.04	-17.13
405.26	-14.13
405.49	-21.13
405.72	-23.13
405.95	-22.13
406.18	-16.13
406.41	-21.13
406.63	-20.13
406.86	-22.13
407.09	-21.13
407.32	-20.13
407.55	-20.13
407.77	-23.13
408.00	-21.13
408.23	-19.13
408.46	-14.13
408.69	-22.13
408.92	-14.13
409.14	-16.13
409.37	-19.13
409.60	-21.13
409.83	-19.13
410.06	-22.13
410.28	-19.13
410.51	-18.13
410.74	-20.13
410.97	-19.13
411.20	-21.13
411.42	-22.13
411.65	-22.13
411.88	-24.13
412.11	-18.13
412.34	-20.13
412.56	-21.13
412.79	-24.13
413.02	-19.13
413.25	-20.13
413.47	-18.13
413.70	-18.13
413.93	-20.13
414.16	-14.13
414.39	-17.13
414.61	-16.13
414.84	-17.13
415.07	-19.13
415.30	-19.13
415.53	-22.13
415.75	-16.13
415.98	-18.13
416.21	-15.13
416.44	-17.13
416.66	-23.13
416.89	-22.13
417.12	-17.13
417.35	-20.13
417.58	-16.13
417.80	-20.13
418.03	-19.13
418.26	-20.13
418.49	-20.13
418.71	-24.13
418.94	-22.13
419.17	-19.13
419.40	-17.13
419.62	-12.13
419.85	-5.13
420.08	2.87
420.31	8.87
420.53	-3.13
420.76	-15.13
420.99	-18.13
421.22	-15.13
421.45	-18.13
421.67	-16.13
421.90	-23.13
422.13	-15.13
422.36	-16.13
422.58	-12.13
422.81	-15.13
423.04	-16.13
423.27	-7.13
423.49	-3.13
423.72	-0.13
423.95	1.87
424.17	7.87
424.40	21.87
424.63	12.87
424.86	-11.13
425.08	-14.13
425.31	-18.13
425.54	-24.13
425.77	-18.13
425.99	-20.13
426.22	-17.13
426.45	-17.13
426.68	-16.13
426.90	-22.13
427.13	-25.13
427.36	-20.13
427.59	10.87
427.81	-18.13
428.04	-24.13
428.27	-22.13
428.49	-18.13
428.72	-22.13
428.95	-17.13
429.18	-16.13
429.40	-17.13
429.63	-13.13
429.86	-15.13
430.08	-9.13
430.31	-3.13
430.54	-6.13
430.77	-12.13
430.99	-4.13
431.22	-3.13
431.45	-5.13
431.67	-5.13
431.90	-11.13
432.13	-22.13
432.36	-17.13
432.58	-21.13
432.81	-19.13
433.04	-21.13
433.26	-18.13
433.49	-25.13
433.72	-15.13
433.94	-13.13
434.17	-6.13
434.40	-5.13
434.63	-12.13
434.85	-18.13
435.08	-17.13
435.31	-24.13
435.53	-20.13
435.76	-21.13
435.99	-20.13
436.21	-21.13
436.44	-19.13
436.67	-20.13
436.89	-17.13
437.12	19.87
437.35	-12.13
437.58	-8.13
437.80	-3.13
438.03	-7.13
438.26	-19.13
438.48	-18.13
438.71	-19.13
438.94	-10.13
439.16	-16.13
439.39	-19.13
439.62	-20.13
439.84	-20.13
440.07	-17.13
440.30	-17.13
440.52	-18.13
440.75	-22.13
440.98	-18.13
441.20	-20.13
441.43	-19.13
441.66	-21.13
441.88	-18.13
442.11	-18.13
442.34	-22.13
442.56	-20.13
442.79	-21.13
443.02	-17.13
443.24	-22.13
443.47	-19.13
443.70	-19.13
443.92	-16.13
444.15	-20.13
444.38	-24.13
444.60	-22.13
444.83	-22.13
445.06	-18.13
445.28	-20.13
445.51	-24.13
445.73	-20.13
445.96	-21.13
446.19	-20.13
446.41	-21.13
446.64	-20.13
446.87	-23.13
447.09	-17.13
447.32	-18.13
447.55	-23.13
447.77	-22.13
448.00	-21.13
448.23	-19.13
448.45	-17.13
448.68	-22.13
448.90	-21.13
449.13	-18.13
449.36	-17.13
449.58	-16.13
449.81	-25.13
450.04	-19.13
450.26	-18.13
450.49	-17.13
450.71	-20.13
450.94	2.87
451.17	-23.13
451.39	-23.13
451.62	-18.13
451.85	-17.13
452.07	-24.13
452.30	-24.13
452.52	-25.13
452.75	-21.13
452.98	-16.13
453.20	-20.13
453.43	-20.13
453.65	-20.13
453.88	-21.13
454.11	-18.13
454.33	-22.13
454.56	-18.13
454.79	-17.13
455.01	-13.13
455.24	-7.13
455.46	1.87
455.69	-14.13
455.92	-18.13
456.14	-17.13
456.37	-15.13
456.59	-14.13
456.82	-18.13
457.04	-21.13
457.27	-18.13
457.50	-18.13
457.72	-20.13
457.95	-20.13
458.17	-20.13
458.40	-20.13
458.63	-21.13
458.85	-18.13
459.08	-21.13
459.30	-19.13
459.53	-21.13
459.76	-21.13
459.98	-20.13
460.21	-23.13
460.43	-19.13
460.66	-20.13
460.88	-21.13
461.11	-20.13
461.34	-18.13
461.56	-19.13
461.79	-22.13
462.01	-22.13
462.24	-19.13
462.46	-21.13
462.69	-19.13
462.92	-12.13
463.14	-21.13
463.37	-18.13
463.59	-17.13
463.82	-16.13
464.04	-13.13
464.27	-19.13
464.50	-21.13
464.72	-16.13
464.95	-21.13
465.17	-21.13
465.40	-21.13
465.62	-18.13
465.85	-18.13
466.07	-13.13
466.30	-17.13
466.53	-22.13
466.75	-18.13
466.98	-18.13
467.20	-9.13
467.43	-18.13
467.65	-22.13
467.88	-20.13
468.10	-19.13
468.33	-18.13
468.55	-22.13
468.78	-17.13
469.00	-18.13
469.23	-20.13
469.46	-20.13
469.68	-18.13
469.91	-22.13
470.13	-24.13
470.36	-20.13
470.58	-17.13
470.81	-19.13
471.03	-17.13
471.26	-19.13
471.48	-24.13
471.71	-19.13
471.93	-17.13
472.16	-21.13
472.38	-20.13
472.61	-18.13
472.83	-18.13
473.06	-15.13
473.29	-19.13
473.51	-20.13
473.74	-17.13
473.96	-20.13
474.19	-14.13
474.41	-7.13
474.64	-7.13
474.86	-11.13
475.09	-24.13
475.31	-19.13
475.54	-18.13
475.76	-16.13
475.99	-20.13
476.21	-17.13
476.44	-20.13
476.66	-21.13
476.89	-19.13
477.11	-21.13
477.34	-20.13
477.56	-20.13
477.79	-22.13
478.01	-22.13
478.24	-22.13
478.46	-17.13
478.69	-18.13
478.91	-18.13
479.14	-21.13
479.36	-16.13
479.59	-20.13
479.81	-22.13
480.04	-26.13
480.26	-23.13
480.48	-20.13
480.71	-20.13
480.93	-16.13
481.16	-22.13
481.38	-19.13
481.61	-17.13
481.83	-20.13
482.06	-23.13
482.28	-23.13
482.51	-18.13
482.73	-18.13
482.96	-23.13
483.18	-20.13
483.41	-21.13
483.63	-18.13
483.86	-20.13
484.08	-16.13
484.31	-19.13
484.53	-22.13
484.75	-18.13
484.98	-20.13
485.20	-23.13
485.43	-21.13
485.65	-21.13
485.88	-18.13
486.10	-19.13
486.33	-18.13
486.55	-19.13
486.78	-20.13
487.00	-20.13
487.22	-25.13
487.45	-18.13
487.67	-19.13
487.90	-17.13
488.12	-19.13
488.35	-19.13
488.57	-18.13
488.80	-20.13
489.02	-18.13
489.24	-20.13
489.47	-21.13
489.69	-22.13
489.92	-19.13
490.14	-24.13
490.37	-15.13
490.59	-20.13
490.81	-18.13
491.04	-20.13
491.26	-18.13
491.49	-19.13
491.71	-16.13
491.94	-22.13
492.16	-17.13
492.38	-21.13
492.61	-16.13
492.83	-17.13
493.06	-14.13
493.28	-17.13
493.51	-20.13
493.73	-19.13
493.95	-18.13
494.18	-23.13
494.40	-18.13
494.63	-16.13
494.85	-22.13
495.07	-25.13
495.30	-24.13
495.52	-18.13
495.75	-13.13
495.97	-20.13
496.20	-17.13
496.42	-18.13
496.64	-16.13
496.87	-21.13
497.09	-17.13
497.32	-22.13
497.54	-19.13
497.76	-20.13
497.99	-20.13
498.21	-21.13
498.43	-13.13
498.66	-17.13
498.88	-14.13
499.11	-16.13
499.33	-16.13
499.55	-16.13
499.78	-18.13
500.00	-22.13
500.23	-19.13
500.45	-22.13
500.67	-20.13
500.90	-14.13
501.12	-17.13
501.34	-21.13
501.57	-18.13
501.79	-19.13
502.02	-17.13
502.24	-26.13
502.46	-16.13
502.69	-20.13
502.91	-17.13
503.13	-20.13
503.36	-22.13
503.58	-19.13
503.81	-21.13
504.03	-20.13
504.25	-20.13
504.48	-15.13
504.70	-22.13
504.92	-19.13
505.15	-20.13
505.37	-20.13
505.59	-18.13
505.82	-19.13
506.04	-19.13
506.27	-15.13
506.49	-20.13
506.71	-17.13
506.94	-15.13
507.16	-19.13
507.38	-25.13
507.61	-19.13
507.83	2.87
508.05	-21.13
508.28	-19.13
508.50	-21.13
508.72	-17.13
508.95	-14.13
509.17	-15.13
509.39	-22.13
509.62	-17.13
509.84	-17.13
510.06	-16.13
510.29	-19.13
510.51	-23.13
510.73	-19.13
510.96	-21.13
511.18	-22.13
511.40	-23.13
511.63	-16.13
511.85	-23.13
512.07	-18.13
512.30	-21.13
512.52	-20.13
512.74	-18.13
512.97	-17.13
513.19	-21.13
513.41	-17.13
513.64	-19.13
513.86	-20.13
514.08	-20.13
514.30	-22.13
514.53	-17.13
514.75	-22.13
514.97	-18.13
515.20	-17.13
515.42	-18.13
515.64	-13.13
515.87	-20.13
516.09	-15.13
516.31	-20.13
516.54	-17.13
516.76	-21.13
516.98	-22.13
517.20	-17.13
517.43	-18.13
517.65	-18.13
517.87	-19.13
518.10	-21.13
518.32	-22.13
518.54	-18.13
518.76	-24.13
518.99	-18.13
519.21	-15.13
519.43	-10.13
519.66	-18.13
519.88	-16.13
520.10	-14.13
520.32	3.87
520.55	-6.13
520.77	-18.13
520.99	-20.13
521.22	-21.13
521.44	-20.13
521.66	-19.13
521.88	-15.13
522.11	-20.13
522.33	-14.13
522.55	-17.13
522.77	0.87
523.00	2.87
523.22	-15.13
523.44	-16.13
523.67	-17.13
523.89	-14.13
524.11	-20.13
524.33	-23.13
524.56	-16.13
524.78	-18.13
525.00	-23.13
525.22	-17.13
525.45	4.87
525.67	-18.13
525.89	-21.13
526.11	-17.13
526.34	-6.13
526.56	-18.13
526.78	-21.13
527.00	-20.13
527.23	-24.13
527.45	-19.13
527.67	-21.13
527.89	-22.13
528.12	-19.13
528.34	-14.13
528.56	-24.13
528.78	-22.13
529.00	-15.13
529.23	-8.13
529.45	-11.13
529.67	-14.13
529.89	5.87
530.12	-21.13
530.34	-21.13
530.56	-21.13
530.78	-18.13
531.01	-17.13
531.23	-18.13
531.45	-18.13
531.67	-17.13
531.89	-19.13
532.12	-17.13
532.34	-16.13
532.56	-16.13
532.78	-22.13
533.00	-18.13
533.23	-17.13
533.45	-19.13
533.67	-18.13
533.89	-18.13
534.11	-23.13
534.34	-17.13
534.56	-22.13
534.78	-19.13
535.00	-13.13
535.23	-17.13
535.45	-16.13
535.67	-20.13
535.89	-21.13
536.11	-19.13
536.33	-17.13
536.56	-18.13
536.78	-21.13
537.00	-20.13
537.22	-13.13
537.44	-18.13
537.67	-20.13
537.89	-22.13
538.11	-18.13
538.33	-19.13
538.55	-22.13
538.78	-20.13
539.00	-20.13
539.22	-23.13
539.44	-23.13
539.66	-21.13
539.88	-16.13
540.11	-20.13
540.33	-18.13
540.55	-21.13
540.77	-18.13
540.99	-14.13
541.21	-18.13
541.44	-18.13
541.66	-19.13
541.88	-22.13
542.10	-18.13
542.32	-20.13
542.54	-20.13
542.77	-16.13
542.99	-17.13
543.21	-19.13
543.43	-17.13
543.65	-16.13
543.87	-16.13
544.10	-19.13
544.32	-20.13
544.54	-19.13
544.76	-20.13
544.98	-22.13
545.20	-18.13
545.42	-20.13
545.65	-18.13
545.87	-19.13
546.09	-11.13
546.31	-6.13
546.53	-18.13
546.75	-20.13
546.97	-16.13
547.20	-17.13
547.42	-17.13
547.64	-15.13
547.86	-15.13
548.08	-6.13
548.30	-14.13
548.52	-17.13
548.74	-18.13
548.97	-12.13
549.19	3.87
549.41	1.87
549.63	-14.13
549.85	-12.13
550.07	-11.13
550.29	-15.13
550.51	-17.13
550.74	-16.13
550.96	-19.13
551.18	-20.13
551.40	-16.13
551.62	-12.13
551.84	-15.13
552.06	-17.13
552.28	-18.13
552.50	-16.13
552.72	-18.13
552.95	-20.13
553.17	-19.13
553.39	-6.13
553.61	29.87
553.83	23.87
554.05	-17.13
554.27	-14.13
554.49	-15.13
554.71	-6.13
554.93	-16.13
555.16	-16.13
555.38	-15.13
555.60	-5.13
555.82	-22.13
556.04	-19.13
556.26	-16.13
556.48	0.87
556.70	-19.13
556.92	-18.13
557.14	-21.13
557.36	-15.13
557.58	-18.13
557.81	-19.13
558.03	-16.13
558.25	-15.13
558.47	-18.13
558.69	-15.13
558.91	-18.13
559.13	-19.13
559.35	-16.13
559.57	-10.13
559.79	25.87
560.01	59.87
560.23	1.87
560.45	-18.13
560.67	-20.13
560.89	-18.13
561.12	-12.13
561.34	7.87
561.56	-9.13
561.78	-16.13
562.00	-20.13
562.22	-21.13
562.44	-18.13
562.66	-16.13
562.88	-16.13
563.10	-19.13
563.32	-22.13
563.54	-19.13
563.76	-18.13
563.98	-12.13
564.20	-16.13
564.42	-7.13
564.64	44.87
564.86	53.87
565.08	-16.13
565.30	-16.13
565.52	-21.13
565.74	-16.13
565.96	-16.13
566.18	-16.13
566.40	-21.13
566.63	-14.13
566.85	-15.13
567.07	-20.13
567.29	-22.13
567.51	-18.13
567.73	-18.13
567.95	-11.13
568.17	-15.13
568.39	-18.13
568.61	-18.13
568.83	-16.13
569.05	11.87
569.27	19.87
569.49	-15.13
569.71	-13.13
569.93	-14.13
570.15	-15.13
570.37	-15.13
570.59	-18.13
570.81	-17.13
571.03	-23.13
571.25	-18.13
571.47	-18.13
571.69	-21.13
571.91	-22.13
572.13	-17.13
572.35	-12.13
572.57	-19.13
572.79	-16.13
573.01	-17.13
573.23	-19.13
573.45	-18.13
573.67	-17.13
573.89	-19.13
574.11	-17.13
574.33	-16.13
574.55	-17.13
574.77	-11.13
574.99	-18.13
575.21	-16.13
575.42	-16.13
575.64	-18.13
575.86	-21.13
576.08	-18.13
576.30	-20.13
576.52	-19.13
576.74	-21.13
576.96	-18.13
577.18	-23.13
577.40	-20.13
577.62	-20.13
577.84	-9.13
578.06	3.87
578.28	-14.13
578.50	-20.13
578.72	-24.13
578.94	-20.13
579.16	-20.13
579.38	-22.13
579.60	-24.13
579.82	-19.13
580.04	-11.13
580.26	-17.13
580.48	-19.13
580.69	-20.13
580.91	-18.13
581.13	-13.13
581.35	-10.13
581.57	-17.13
581.79	-21.13
582.01	-17.13
582.23	-21.13
582.45	-18.13
582.67	-23.13
582.89	-21.13
583.11	-21.13
583.33	-19.13
583.55	-19.13
583.77	-18.13
583.98	-18.13
584.20	-13.13
584.42	-16.13
584.64	-19.13
584.86	-23.13
585.08	-26.13
585.30	-22.13
585.52	-21.13
585.74	-21.13
585.96	-20.13
586.18	-16.13
586.40	-24.13
586.61	-18.13
586.83	-18.13
587.05	-19.13
587.27	-13.13
587.49	-5.13
587.71	-13.13
587.93	-16.13
588.15	-19.13
588.37	-22.13
588.59	-21.13
588.80	-20.13
589.02	-13.13
589.24	-21.13
589.46	-18.13
589.68	-24.13
589.90	-10.13
590.12	8.87
590.34	-11.13
590.56	-17.13
590.77	-16.13
590.99	-19.13
591.21	-18.13
591.43	-18.13
591.65	-22.13
591.87	-17.13
592.09	-12.13
592.31	13.87
592.52	-3.13
592.74	15.87
592.96	54.87
593.18	-4.13
593.40	-20.13
593.62	-19.13
593.84	-19.13
594.06	-18.13
594.27	-15.13
594.49	-22.13
594.71	-18.13
594.93	-12.13
595.15	42.87
595.37	61.87
595.59	-7.13
595.80	-16.13
596.02	-17.13
596.24	-15.13
596.46	-22.13
596.68	-8.13
596.90	22.87
597.11	8.87
597.33	-18.13
597.55	-20.13
597.77	-15.13
597.99	-18.13
598.21	-8.13
598.43	-4.13
598.64	-21.13
598.86	-18.13
599.08	-16.13
599.30	-20.13
599.52	-20.13
599.74	-23.13
599.95	-18.13
600.17	-14.13
600.39	-20.13
600.61	-16.13
600.83	-16.13
601.04	-21.13
601.26	-16.13
601.48	-20.13
601.70	-22.13
601.92	-21.13
602.14	-18.13
602.35	-20.13
602.57	-13.13
602.79	-6.13
603.01	-18.13
603.23	-19.13
603.44	-18.13
603.66	-25.13
603.88	-13.13
604.10	-15.13
604.32	-18.13
604.53	-13.13
604.75	-14.13
604.97	-21.13
605.19	-21.13
605.41	-14.13
605.62	-16.13
605.84	-16.13
606.06	-20.13
606.28	-20.13
606.50	-10.13
606.71	-7.13
606.93	-4.13
607.15	161.87
607.37	225.87
607.58	26.87
607.80	-9.13
608.02	-9.13
608.24	41.87
608.46	73.87
608.67	5.87
608.89	-13.13
609.11	-10.13
609.33	4.87
609.54	-10.13
609.76	-4.13
609.98	39.87
610.20	5.87
610.42	-14.13
610.63	-18.13
610.85	-18.13
611.07	-12.13
611.29	-17.13
611.50	-19.13
611.72	-19.13
611.94	-20.13
612.16	-15.13
612.37	-20.13
612.59	-20.13
612.81	-21.13
613.03	-13.13
613.24	-16.13
613.46	-19.13
613.68	-17.13
613.90	3.87
614.11	-1.13
614.33	-13.13
614.55	1.87
614.76	2.87
614.98	-14.13
615.20	-11.13
615.42	-13.13
615.63	-8.13
615.85	-12.13
616.07	-13.13
616.29	-18.13
616.50	-11.13
616.72	-12.13
616.94	-9.13
617.16	-16.13
617.37	-18.13
617.59	-19.13
617.81	-18.13
618.02	-22.13
618.24	-20.13
618.46	-6.13
618.68	4.87
618.89	-16.13
619.11	-15.13
619.33	-15.13
619.54	-2.13
619.76	-14.13
619.98	-15.13
620.19	-23.13
620.41	-18.13
620.63	-11.13
620.85	-14.13
621.06	11.87
621.28	13.87
621.50	5.87
621.71	-14.13
621.93	-18.13
622.15	-18.13
622.36	-17.13
622.58	-15.13
622.80	-17.13
623.01	-16.13
623.23	-24.13
623.45	-16.13
623.67	-23.13
623.88	-19.13
624.10	-21.13
624.32	-16.13
624.53	-13.13
624.75	-18.13
624.97	-14.13
625.18	2.87
625.40	8.87
625.62	146.87
625.83	-11.13
626.05	-12.13
626.27	-16.13
626.48	-15.13
626.70	-18.13
626.92	-19.13
627.13	-16.13
627.35	-17.13
627.57	-22.13
627.78	-18.13
628.00	-18.13
628.21	-14.13
628.43	-16.13
628.65	-15.13
628.86	-14.13
629.08	-15.13
629.30	-18.13
629.51	-18.13
629.73	-16.13
629.95	-18.13
630.16	-21.13
630.38	-17.13
630.60	-18.13
630.81	-17.13
631.03	-19.13
631.24	-22.13
631.46	-18.13
631.68	-18.13
631.89	-19.13
632.11	-17.13
632.33	-19.13
632.54	-20.13
632.76	-15.13
632.97	-20.13
633.19	-19.13
633.41	-21.13
633.62	-4.13
633.84	-3.13
634.06	-12.13
634.27	-16.13
634.49	-17.13
634.70	6.87
634.92	13.87
635.14	-11.13
635.35	-14.13
635.57	-19.13
635.78	-18.13
636.00	-19.13
636.22	-20.13
636.43	-22.13
636.65	-18.13
636.86	-14.13
637.08	-20.13
637.30	-14.13
637.51	-22.13
637.73	-20.13
637.94	-15.13
638.16	-22.13
638.38	-21.13
638.59	-19.13
638.81	-16.13
639.02	-17.13
639.24	-17.13
639.45	-20.13
639.67	-13.13
639.89	-18.13
640.10	-20.13
640.32	-16.13
640.53	-10.13
640.75	-7.13
640.96	-9.13
641.18	-12.13
641.40	-17.13
641.61	-19.13
641.83	-24.13
642.04	-16.13
642.26	-9.13
642.47	35.87
642.69	12.87
642.90	-10.13
643.12	-18.13
643.34	-18.13
643.55	-22.13
643.77	-19.13
643.98	-14.13
644.20	-20.13
644.41	-20.13
644.63	-19.13
644.84	-19.13
645.06	-21.13
645.28	-15.13
645.49	64.87
645.71	246.87
645.92	59.87
646.14	-3.13
646.35	-12.13
646.57	-15.13
646.78	-20.13
647.00	-15.13
647.21	-12.13
647.43	-18.13
647.64	-20.13
647.86	-28.13
648.07	-14.13
648.29	-15.13
648.50	-18.13
648.72	-21.13
648.93	-15.13
649.15	-23.13
649.37	-16.13
649.58	-18.13
649.80	-16.13
650.01	-18.13
650.23	-21.13
650.44	-20.13
650.66	-14.13
650.87	-16.13
651.09	-12.13
651.30	-15.13
651.52	-18.13
651.73	-20.13
651.95	-20.13
652.16	-10.13
652.38	-18.13
652.59	-20.13
652.81	-24.13
653.02	-19.13
653.24	-18.13
653.45	-14.13
653.66	-14.13
653.88	-22.13
654.09	-18.13
654.31	-17.13
654.52	-21.13
654.74	-20.13
654.95	-13.13
655.17	-19.13
655.38	-21.13
655.60	-16.13
655.81	-18.13
656.03	-14.13
656.24	-15.13
656.46	-15.13
656.67	-23.13
656.89	-21.13
657.10	-16.13
657.31	-16.13
657.53	-17.13
657.74	-6.13
657.96	-3.13
658.17	-17.13
658.39	-15.13
658.60	-14.13
658.82	-15.13
659.03	-20.13
659.25	-20.13
659.46	-16.13
659.67	-19.13
659.89	-17.13
660.10	-15.13
660.32	-18.13
660.53	-17.13
660.75	-18.13
660.96	-19.13
661.18	-14.13
661.39	-21.13
661.60	-19.13
661.82	-19.13
662.03	-21.13
662.25	-16.13
662.46	-20.13
662.68	-14.13
662.89	-18.13
663.10	-19.13
663.32	-14.13
663.53	-16.13
663.75	-16.13
663.96	-16.13
664.17	-17.13
664.39	-2.13
664.60	16.87
664.82	-5.13
665.03	-15.13
665.25	-21.13
665.46	-18.13
665.67	-20.13
665.89	-17.13
666.10	-23.13
666.32	-18.13
666.53	-18.13
666.74	-17.13
666.96	-23.13
667.17	-10.13
667.38	-20.13
667.60	-17.13
667.81	-21.13
668.03	-20.13
668.24	-19.13
668.45	-23.13
668.67	-19.13
668.88	-20.13
669.10	-18.13
669.31	-23.13
669.52	-20.13
669.74	-16.13
669.95	-17.13
670.16	-3.13
670.38	-1.13
670.59	-5.13
670.81	-15.13
671.02	-18.13
671.23	-18.13
671.45	-8.13
671.66	237.87
671.87	304.87
672.09	53.87
672.30	-1.13
672.51	-9.13
672.73	-18.13
672.94	-15.13
673.16	-17.13
673.37	-14.13
673.58	-19.13
673.80	-16.13
674.01	-9.13
674.22	-12.13
674.44	-15.13
674.65	-20.13
674.86	-18.13
675.08	-19.13
675.29	-20.13
675.50	-18.13
675.72	-22.13
675.93	-12.13
676.14	-16.13
676.36	-19.13
676.57	-14.13
676.78	-20.13
677.00	-21.13
677.21	-17.13
677.42	-17.13
677.64	-17.13
677.85	-18.13
678.06	-18.13
678.28	-15.13
678.49	-17.13
678.70	-17.13
678.91	-12.13
679.13	78.87
679.34	421.87
679.55	119.87
679.77	25.87
679.98	-4.13
680.19	-12.13
680.41	-16.13
680.62	-2.13
680.83	-3.13
681.05	-15.13
681.26	-17.13
681.47	-18.13
681.68	-14.13
681.90	-15.13
682.11	-23.13
682.32	-16.13
682.54	-15.13
682.75	-18.13
682.96	-20.13
683.17	-24.13
683.39	-18.13
683.60	-20.13
683.81	-21.13
684.03	-14.13
684.24	-16.13
684.45	-20.13
684.66	-18.13
684.88	-16.13
685.09	-14.13
685.30	-18.13
685.51	-20.13
685.73	-15.13
685.94	-19.13
686.15	-17.13
686.36	-17.13
686.58	-17.13
686.79	-8.13
687.00	-18.13
687.21	-20.13
687.43	-17.13
687.64	-21.13
687.85	-22.13
688.06	-21.13
688.28	-17.13
688.49	-20.13
688.70	-18.13
688.91	-19.13
689.13	-16.13
689.34	-15.13
689.55	-15.13
689.76	-17.13
689.98	-18.13
690.19	-17.13
690.40	-19.13
690.61	-19.13
690.83	-12.13
691.04	161.87
691.25	298.87
691.46	54.87
691.67	4.87
691.89	-1.13
692.10	3.87
692.31	-12.13
692.52	-12.13
692.74	10.87
692.95	7.87
693.16	-13.13
693.37	-15.13
693.58	-20.13
693.80	-16.13
694.01	-14.13
694.22	-16.13
694.43	-4.13
694.64	-10.13
694.86	-16.13
695.07	-16.13
695.28	-18.13
695.49	-11.13
695.70	-20.13
695.92	-20.13
696.13	-16.13
696.34	-11.13
696.55	-13.13
696.76	-14.13
696.98	-18.13
697.19	-13.13
697.40	-12.13
697.61	19.87
697.82	144.87
698.03	30.87
698.25	0.87
698.46	-4.13
698.67	-9.13
698.88	-7.13
699.09	6.87
699.30	15.87
699.52	4.87
699.73	21.87
699.94	51.87
700.15	147.87
700.36	2624.87
700.57	3902.87
700.79	3902.87
701.00	3172.87
701.21	607.87
701.42	209.87
701.63	79.87
701.84	39.87
702.06	25.87
702.27	5.87
702.48	4.87
702.69	-1.13
702.90	3.87
703.11	1.87
703.32	1.87
703.54	-4.13
703.75	-8.13
703.96	-8.13
704.17	-16.13
704.38	-14.13
704.59	-16.13
704.80	-9.13
705.01	-13.13
705.23	-12.13
705.44	-16.13
705.65	-16.13
705.86	-15.13
706.07	-12.13
706.28	-15.13
706.49	-12.13
706.70	-10.13
706.91	132.87
707.13	313.87
707.34	67.87
707.55	8.87
707.76	-3.13
707.97	-8.13
708.18	-13.13
708.39	-7.13
708.60	-6.13
708.81	-13.13
709.03	-13.13
709.24	-11.13
709.45	-0.13
709.66	5.87
709.87	11.87
710.08	36.87
710.29	85.87
710.50	1286.87
710.71	3894.87
710.92	3902.87
711.13	3364.87
711.35	673.87
711.56	251.87
711.77	88.87
711.98	46.87
712.19	22.87
712.40	13.87
712.61	6.87
712.82	-2.13
713.03	0.87
713.24	-6.13
713.45	-11.13
713.66	-5.13
713.87	-5.13
714.08	-9.13
714.29	-18.13
714.51	-15.13
714.72	30.87
714.93	16.87
715.14	-6.13
715.35	-11.13
715.56	-14.13
715.77	-16.13
715.98	-17.13
716.19	-16.13
716.40	-8.13
716.61	16.87
716.82	0.87
717.03	-14.13
717.24	-12.13
717.45	-11.13
717.66	-7.13
717.87	-7.13
718.08	-8.13
718.29	-2.13
718.50	256.87
718.71	2331.87
718.92	956.87
719.13	229.87
719.34	75.87
719.55	25.87
719.76	12.87
719.97	22.87
720.18	-3.13
720.39	-5.13
720.60	-14.13
720.81	-11.13
721.02	-13.13
721.24	-14.13
721.45	-17.13
721.66	-14.13
721.87	-7.13
722.08	-12.13
722.29	-14.13
722.50	-16.13
722.71	-18.13
722.92	-13.13
723.12	-21.13
723.33	-19.13
723.54	-14.13
723.75	-15.13
723.96	-18.13
724.17	-14.13
724.38	-15.13
724.59	26.87
724.80	57.87
725.01	1.87
725.22	-12.13
725.43	-13.13
725.64	-16.13
725.85	-17.13
726.06	-18.13
726.27	-14.13
726.48	-15.13
726.69	-12.13
726.90	-10.13
727.11	-10.13
727.32	-13.13
727.53	-17.13
727.74	-15.13
727.95	-16.13
728.16	-18.13
728.37	-18.13
728.58	-13.13
728.79	-16.13
729.00	-14.13
729.21	-10.13
729.42	-13.13
729.62	-16.13
729.83	-13.13
730.04	-11.13
730.25	-9.13
730.46	2.87
730.67	8.87
730.88	25.87
731.09	610.87
731.30	3859.87
731.51	2152.87
731.72	430.87
731.93	152.87
732.14	56.87
732.35	8.87
732.56	1.87
732.76	-1.13
732.97	-12.13
733.18	-3.13
733.39	-16.13
733.60	-17.13
733.81	-14.13
734.02	-18.13
734.23	-16.13
734.44	-17.13
734.65	-16.13
734.86	-14.13
735.06	22.87
735.27	52.87
735.48	14.87
735.69	15.87
735.90	-8.13
736.11	-14.13
736.32	-12.13
736.53	-14.13
736.74	-16.13
736.94	-15.13
737.15	-11.13
737.36	-17.13
737.57	-17.13
737.78	-10.13
737.99	-15.13
738.20	-15.13
738.41	-17.13
738.62	-11.13
738.82	-11.13
739.03	7.87
739.24	93.87
739.45	95.87
739.66	21.87
739.87	-1.13
740.08	-3.13
740.28	-8.13
740.49	-6.13
740.70	-2.13
740.91	13.87
741.12	259.87
741.33	298.87
741.54	94.87
741.74	71.87
741.95	132.87
742.16	1868.87
742.37	3900.87
742.58	3904.87
742.79	3712.87
743.00	843.87
743.20	326.87
743.41	146.87
743.62	64.87
743.83	39.87
744.04	21.87
744.25	21.87
744.45	6.87
744.66	3.87
744.87	0.87
745.08	1.87
745.29	12.87
745.49	2.87
745.70	-6.13
745.91	-8.13
746.12	-4.13
746.33	-1.13
746.54	11.87
746.74	0.87
746.95	-8.13
747.16	-15.13
747.37	16.87
747.58	88.87
747.78	25.87
747.99	3.87
748.20	-10.13
748.41	-11.13
748.62	-12.13
748.82	-11.13
749.03	-12.13
749.24	-12.13
749.45	-10.13
749.66	-13.13
749.86	-13.13
750.07	-10.13
750.28	-10.13
750.49	-10.13
750.69	-6.13
750.90	1.87
751.11	44.87
751.32	9.87
751.53	-1.13
751.73	-2.13
751.94	-4.13
752.15	-2.13
752.36	31.87
752.56	21.87
752.77	12.87
752.98	10.87
753.19	21.87
753.39	33.87
753.60	66.87
753.81	124.87
754.02	422.87
754.23	3834.87
754.43	3904.87
754.64	3904.87
754.85	3398.87
755.06	900.87
755.26	3868.87
755.47	3908.87
755.68	3902.87
755.88	3442.87
756.09	739.87
756.30	278.87
756.51	136.87
756.71	82.87
756.92	60.87
757.13	43.87
757.34	28.87
757.54	20.87
757.75	12.87
757.96	11.87
758.17	6.87
758.37	4.87
758.58	-5.13
758.79	-2.13
758.99	-4.13
759.20	-5.13
759.41	-8.13
759.62	-1.13
759.82	-14.13
760.03	-6.13
760.24	-8.13
760.44	-12.13
760.65	-10.13
760.86	-1.13
761.06	-11.13
761.27	-9.13
761.48	-6.13
761.69	-11.13
761.89	-11.13
762.10	-6.13
762.31	-11.13
762.51	-9.13
762.72	-9.13
762.93	-9.13
763.13	-6.13
763.34	-5.13
763.55	-9.13
763.75	-8.13
763.96	-5.13
764.17	-8.13
764.37	-5.13
764.58	-6.13
764.79	0.87
764.99	-0.13
765.20	6.87
765.41	3.87
765.61	16.87
765.82	28.87
766.03	22.87
766.23	28.87
766.44	47.87
766.65	100.87
766.85	180.87
767.06	401.87
767.27	3832.87
767.47	3906.87
767.68	3902.87
767.89	3903.87
768.09	3172.87
768.30	604.87
768.50	278.87
768.71	165.87
768.92	118.87
769.12	81.87
769.33	58.87
769.54	40.87
769.74	37.87
769.95	16.87
770.16	12.87
770.36	10.87
770.57	6.87
770.77	7.87
770.98	22.87
771.19	3.87
771.39	1.87
771.60	-5.13
771.80	-4.13
772.01	-1.13
772.22	-3.13
772.42	-9.13
772.63	-2.13
772.84	-6.13
773.04	-8.13
773.25	-5.13
773.45	-4.13
773.66	-8.13
773.87	-2.13
774.07	-0.13
774.28	0.87
774.48	0.87
774.69	1.87
774.89	3.87
775.10	11.87
775.31	15.87
775.51	29.87
775.72	63.87
775.92	183.87
776.13	3756.87
776.34	3905.87
776.54	3900.87
776.75	3738.87
776.95	717.87
777.16	240.87
777.36	118.87
777.57	67.87
777.77	41.87
777.98	28.87
778.19	15.87
778.39	12.87
778.60	7.87
778.80	-5.13
779.01	-4.13
779.21	-7.13
779.42	-2.13
779.62	-6.13
779.83	-13.13
780.04	-8.13
780.24	-16.13
780.45	-18.13
780.65	-14.13
780.86	-11.13
781.06	-12.13
781.27	-12.13
781.47	-16.13
781.68	-19.13
781.88	-19.13
782.09	-18.13
782.29	-11.13
782.50	-18.13
782.70	-16.13
782.91	-11.13
783.12	-19.13
783.32	-20.13
783.53	-15.13
783.73	-12.13
783.94	-14.13
784.14	-15.13
784.35	-16.13
784.55	-12.13
784.76	-18.13
784.96	-14.13
785.17	-16.13
785.37	-16.13
785.58	-13.13
785.78	-17.13
785.99	-17.13
786.19	-15.13
786.40	-16.13
786.60	-19.13
786.81	-15.13
787.01	-13.13
787.22	-16.13
787.42	-15.13
787.63	-21.13
787.83	-20.13
788.03	-19.13
788.24	-18.13
788.44	-13.13
788.65	-17.13
788.85	-18.13
789.06	-19.13
789.26	-17.13
789.47	-19.13
789.67	-14.13
789.88	-17.13
790.08	-15.13
790.29	-16.13
790.49	-18.13
790.70	-10.13
790.90	-20.13
791.10	-16.13
791.31	-18.13
791.51	-20.13
791.72	-17.13
791.92	-17.13
792.13	-13.13
792.33	-17.13
792.54	-15.13