-1.990356E+0	-3.189681E-1
-1.980591E+0	-4.341311E-1
-1.970825E+0	-4.658520E-1
-1.961060E+0	-3.791067E-1
-1.951294E+0	-2.229212E-1
-1.941528E+0	-5.168513E-1
-1.931763E+0	-3.807000E-1
-1.921997E+0	-4.605592E-1
-1.912231E+0	-3.615592E-1
-1.902466E+0	-3.818230E-1
-1.892700E+0	-4.185008E-1
-1.882935E+0	-3.759596E-1
-1.873169E+0	-3.901243E-1
-1.863403E+0	-3.896540E-1
-1.853638E+0	-3.646838E-1
-1.843872E+0	-4.155264E-1
-1.834106E+0	-3.694692E-1
-1.824341E+0	-3.753178E-1
-1.814575E+0	-4.082478E-1
-1.804810E+0	-3.726212E-1
-1.795044E+0	-3.850748E-1
-1.785278E+0	-4.061618E-1
-1.775513E+0	-3.603014E-1
-1.765747E+0	-3.990444E-1
-1.755981E+0	-4.024167E-1
-1.746216E+0	-3.549828E-1
-1.736450E+0	-3.839885E-1
-1.726685E+0	-4.093149E-1
-1.716919E+0	-3.503657E-1
-1.707153E+0	-4.020407E-1
-1.697388E+0	-3.798252E-1
-1.687622E+0	-3.458637E-1
-1.677856E+0	-4.003400E-1
-1.668091E+0	-3.701154E-1
-1.658325E+0	-3.387430E-1
-1.648560E+0	-4.013672E-1
-1.638794E+0	-3.694094E-1
-1.629028E+0	-3.368302E-1
-1.619263E+0	-3.980787E-1
-1.609497E+0	-3.422327E-1
-1.599731E+0	-3.472104E-1
-1.589966E+0	-3.884658E-1
-1.580200E+0	-3.197206E-1
-1.570435E+0	-3.635099E-1
-1.560669E+0	-3.754192E-1
-1.550903E+0	-3.182973E-1
-1.541138E+0	-3.677235E-1
-1.531372E+0	-3.421241E-1
-1.521606E+0	-2.989373E-1
-1.511841E+0	-3.554470E-1
-1.502075E+0	-3.345458E-1
-1.492310E+0	-2.666452E-1
-1.482544E+0	-3.799129E-1
-1.472778E+0	-2.828395E-1
-1.463013E+0	-2.728813E-1
-1.453247E+0	-3.337867E-1
-1.443481E+0	-2.627653E-1
-1.433716E+0	-2.821275E-1
-1.423950E+0	-3.120458E-1
-1.414185E+0	-2.386266E-1
-1.404419E+0	-2.572450E-1
-1.394653E+0	-2.829316E-1
-1.384888E+0	-2.253596E-1
-1.375122E+0	-2.287813E-1
-1.365356E+0	-2.560858E-1
-1.355591E+0	-1.673345E-1
-1.345825E+0	-1.896053E-1
-1.336060E+0	-2.185799E-1
-1.326294E+0	-1.415394E-1
-1.316528E+0	-1.498051E-1
-1.306763E+0	-1.744119E-1
-1.296997E+0	-9.375249E-2
-1.287231E+0	-1.091350E-1
-1.277466E+0	-1.276324E-1
-1.267700E+0	-5.227179E-2
-1.257935E+0	-6.203318E-2
-1.248169E+0	-7.345637E-2
-1.238403E+0	8.918018E-3
-1.228638E+0	2.148625E-3
-1.218872E+0	-1.234166E-2
-1.209106E+0	7.208807E-2
-1.199341E+0	6.032232E-2
-1.189575E+0	7.359910E-2
-1.179810E+0	1.469454E-1
-1.170044E+0	1.107729E-1
-1.160278E+0	1.654296E-1
-1.150513E+0	2.264720E-1
-1.140747E+0	1.907538E-1
-1.130981E+0	2.735903E-1
-1.121216E+0	2.816827E-1
-1.111450E+0	2.975454E-1
-1.101685E+0	3.775690E-1
-1.091919E+0	3.406708E-1
-1.082153E+0	4.214914E-1
-1.072388E+0	4.803639E-1
-1.062622E+0	4.478011E-1
-1.052856E+0	5.610168E-1
-1.043091E+0	5.214631E-1
-1.033325E+0	5.683430E-1
-1.023560E+0	6.559390E-1
-1.013794E+0	6.243243E-1
-1.004028E+0	7.354156E-1
-9.942627E-1	7.229264E-1
-9.844971E-1	8.047828E-1
-9.747315E-1	8.632876E-1
-9.649658E-1	8.119956E-1
-9.552002E-1	9.330626E-1
-9.454346E-1	9.969062E-1
-9.356690E-1	9.837560E-1
-9.259033E-1	1.095205E+0
-9.161377E-1	1.103680E+0
-9.063721E-1	1.185533E+0
-8.966065E-1	1.246192E+0
-8.868408E-1	1.248461E+0
-8.770752E-1	1.333174E+0
-8.673096E-1	1.404889E+0
-8.575440E-1	1.415284E+0
-8.477783E-1	1.496195E+0
-8.380127E-1	1.554936E+0
-8.282471E-1	1.592284E+0
-8.184815E-1	1.677964E+0
-8.087158E-1	1.749081E+0
-7.989502E-1	1.784593E+0
-7.891846E-1	1.887863E+0
-7.794190E-1	1.934609E+0
-7.696533E-1	1.978409E+0
-7.598877E-1	2.099435E+0
-7.501221E-1	2.133121E+0
-7.403565E-1	2.211852E+0
-7.305908E-1	2.324767E+0
-7.208252E-1	2.345492E+0
-7.110596E-1	2.442408E+0
-7.012940E-1	2.525549E+0
-6.915283E-1	2.576903E+0
-6.817627E-1	2.712383E+0
-6.719971E-1	2.786367E+0
-6.622315E-1	2.862198E+0
-6.524658E-1	3.027314E+0
-6.427002E-1	2.937856E+0
-6.329346E-1	3.225252E+0
-6.231690E-1	3.243844E+0
-6.134033E-1	3.291251E+0
-6.036377E-1	3.488452E+0
-5.938721E-1	3.543489E+0
-5.841065E-1	3.631200E+0
-5.743408E-1	3.880887E+0
-5.645752E-1	3.874836E+0
-5.548096E-1	4.007061E+0
-5.450440E-1	4.164919E+0
-5.352783E-1	4.219764E+0
-5.255127E-1	4.457448E+0
-5.157471E-1	4.495924E+0
-5.059815E-1	4.631746E+0
-4.962158E-1	4.822444E+0
-4.864502E-1	4.925222E+0
-4.766846E-1	5.078591E+0
-4.669190E-1	5.257062E+0
-4.571533E-1	5.364043E+0
-4.473877E-1	5.558498E+0
-4.376221E-1	5.746186E+0
-4.278565E-1	5.842316E+0
-4.180908E-1	6.069290E+0
-4.083252E-1	6.238424E+0
-3.985596E-1	6.389222E+0
-3.887940E-1	6.644613E+0
-3.790283E-1	6.735992E+0
-3.692627E-1	6.940579E+0
-3.594971E-1	7.203601E+0
-3.497315E-1	7.337355E+0
-3.399658E-1	7.597829E+0
-3.302002E-1	7.826632E+0
-3.204346E-1	7.987672E+0
-3.106690E-1	8.282287E+0
-3.009033E-1	8.471302E+0
-2.911377E-1	8.648464E+0
-2.813721E-1	8.972045E+0
-2.716065E-1	9.172193E+0
-2.618408E-1	9.432943E+0
-2.520752E-1	9.693542E+0
-2.423096E-1	9.916172E+0
-2.325440E-1	1.024004E+1
-2.227783E-1	1.046515E+1
-2.130127E-1	1.069851E+1
-2.032471E-1	1.106233E+1
-1.934815E-1	1.128129E+1
-1.837158E-1	1.159983E+1
-1.739502E-1	1.194103E+1
-1.641846E-1	1.212792E+1
-1.544190E-1	1.247236E+1
-1.446533E-1	1.283556E+1
-1.348877E-1	1.306941E+1
-1.251221E-1	1.346164E+1
-1.153565E-1	1.377238E+1
-1.055908E-1	1.408367E+1
-9.582521E-2	1.454094E+1
-8.605958E-2	1.465916E+1
-7.629396E-2	1.516772E+1
-6.652833E-2	1.534786E+1
-5.676271E-2	1.580201E+1
-4.699708E-2	1.619413E+1
-3.723146E-2	1.630294E+1
-2.746583E-2	1.686072E+1
-1.770021E-2	1.715098E+1
-7.934585E-3	1.765661E+1
1.831040E-3	1.793345E+1
1.159666E-2	1.837724E+1
2.136229E-2	1.869564E+1
3.112791E-2	1.915240E+1
4.089354E-2	1.950935E+1
5.065916E-2	1.983598E+1
6.042479E-2	2.031899E+1
7.019041E-2	2.064483E+1
7.995604E-2	2.109743E+1
8.972166E-2	2.148524E+1
9.948729E-2	2.195119E+1
1.092529E-1	2.209282E+1
1.190185E-1	2.263854E+1
1.287842E-1	2.309350E+1
1.385498E-1	2.383088E+1
1.483154E-1	2.378108E+1
1.580810E-1	2.433381E+1
1.678467E-1	2.471889E+1
1.776123E-1	2.515703E+1
1.873779E-1	2.555766E+1
1.971435E-1	2.598530E+1
2.069092E-1	2.632177E+1
2.166748E-1	2.686721E+1
2.264404E-1	2.723056E+1
2.362060E-1	2.766056E+1
2.459717E-1	2.805042E+1
2.557373E-1	2.848774E+1
2.655029E-1	2.896317E+1
2.752685E-1	2.933053E+1
2.850342E-1	2.981953E+1
2.947998E-1	3.024545E+1
3.045654E-1	3.064690E+1
3.143310E-1	3.105237E+1
3.240967E-1	3.155976E+1
3.338623E-1	3.204123E+1
3.436279E-1	3.215333E+1
3.533935E-1	3.235369E+1
3.631592E-1	3.306646E+1
3.729248E-1	3.355864E+1
3.826904E-1	3.404159E+1
3.924560E-1	3.437221E+1
4.022217E-1	3.485297E+1
4.119873E-1	3.533659E+1
4.217529E-1	3.555946E+1
4.315185E-1	3.603432E+1
4.412842E-1	3.655822E+1
4.510498E-1	3.682371E+1
4.608154E-1	3.727553E+1
4.705810E-1	3.772653E+1
4.803467E-1	3.798394E+1
4.901123E-1	3.841696E+1
4.998779E-1	3.883768E+1
5.096435E-1	3.920069E+1
5.194092E-1	3.976294E+1
5.291748E-1	4.003724E+1
5.389404E-1	4.046509E+1
5.487060E-1	4.077914E+1
5.584717E-1	4.118802E+1
5.682373E-1	4.165521E+1
5.780029E-1	4.194227E+1
5.877685E-1	4.225681E+1
5.975342E-1	4.275031E+1
6.072998E-1	4.302498E+1
6.170654E-1	4.336752E+1
6.268310E-1	4.392135E+1
6.365967E-1	4.419336E+1
6.463623E-1	4.454314E+1
6.561279E-1	4.494148E+1
6.658935E-1	4.509349E+1
6.756592E-1	4.543607E+1
6.854248E-1	4.605890E+1
6.951904E-1	4.631532E+1
7.049560E-1	4.675852E+1
7.147217E-1	4.719777E+1
7.244873E-1	4.740449E+1
7.342529E-1	4.778688E+1
7.440185E-1	4.800502E+1
7.537842E-1	4.838981E+1
7.635498E-1	4.883891E+1
7.733154E-1	4.920544E+1
7.830810E-1	4.962326E+1
7.928467E-1	4.990956E+1
8.026123E-1	5.019943E+1
8.123779E-1	5.062071E+1
8.221435E-1	5.085756E+1
8.319092E-1	5.113124E+1
8.416748E-1	5.169428E+1
8.514404E-1	5.195041E+1
8.612060E-1	5.223696E+1
8.709717E-1	5.267005E+1
8.807373E-1	5.280034E+1
8.905029E-1	5.309813E+1
9.002685E-1	5.363621E+1
9.100342E-1	5.394739E+1
9.197998E-1	5.426866E+1
9.295654E-1	5.463617E+1
9.393310E-1	5.490479E+1
9.490967E-1	5.522121E+1
9.588623E-1	5.559265E+1
9.686279E-1	5.598284E+1
9.783935E-1	5.617930E+1
9.881592E-1	5.643468E+1
9.979248E-1	5.664101E+1
1.007690E+0	5.688869E+1
1.017456E+0	5.735867E+1
1.027222E+0	5.787950E+1
1.036987E+0	5.818869E+1
1.046753E+0	5.847710E+1
1.056519E+0	5.878683E+1
1.066284E+0	5.914749E+1
1.076050E+0	5.938537E+1
1.085815E+0	5.959140E+1
1.095581E+0	6.006474E+1
1.105347E+0	6.042142E+1
1.115112E+0	6.068267E+1
1.124878E+0	6.110408E+1
1.134644E+0	6.138512E+1
1.144409E+0	6.118831E+1
1.154175E+0	6.203261E+1
1.163940E+0	6.225587E+1
1.173706E+0	6.251598E+1
1.183472E+0	6.286328E+1
1.193237E+0	6.313907E+1
