-1.990356E+0	-4.394736E-2
-1.980591E+0	-7.312465E-2
-1.970825E+0	-3.577706E-2
-1.961060E+0	8.752611E-3
-1.951294E+0	1.174575E-1
-1.941528E+0	1.389249E-1
-1.931763E+0	3.504417E-1
-1.921997E+0	8.441951E-2
-1.912231E+0	-2.141095E-1
-1.902466E+0	-1.979942E-1
-1.892700E+0	-8.214667E-2
-1.882935E+0	4.490262E-1
-1.873169E+0	2.653828E-1
-1.863403E+0	-4.007077E-1
-1.853638E+0	8.897080E-2
-1.843872E+0	5.153444E-2
-1.834106E+0	-7.621752E-2
-1.824341E+0	-4.860100E-1
-1.814575E+0	-1.109803E-1
-1.804810E+0	-4.357252E-2
-1.795044E+0	-6.219999E-3
-1.785278E+0	2.982366E-1
-1.775513E+0	-3.178486E-2
-1.765747E+0	-4.742568E-1
-1.755981E+0	-8.643986E-2
-1.746216E+0	1.701002E-2
-1.736450E+0	-6.248144E-2
-1.726685E+0	-2.387931E-2
-1.716919E+0	-1.600989E-2
-1.707153E+0	-5.765392E-2
-1.697388E+0	-3.560941E-2
-1.687622E+0	-4.509979E-3
-1.677856E+0	-2.272998E-2
-1.668091E+0	-5.468276E-2
-1.658325E+0	-4.659626E-3
-1.648560E+0	-3.291941E-2
-1.638794E+0	-4.290659E-2
-1.629028E+0	-6.213421E-3
-1.619263E+0	-1.001329E-2
-1.609497E+0	-4.658807E-2
-1.599731E+0	-1.792546E-2
-1.589966E+0	4.322938E-3
-1.580200E+0	-5.096671E-2
-1.570435E+0	-2.078648E-2
-1.560669E+0	-1.105083E-2
-1.550903E+0	-4.442097E-2
-1.541138E+0	-1.861082E-3
-1.531372E+0	-2.311308E-2
-1.521606E+0	-3.728654E-2
-1.511841E+0	-1.771499E-2
-1.502075E+0	5.559555E-4
-1.492310E+0	-4.378299E-2
-1.482544E+0	-1.737466E-2
-1.472778E+0	3.599487E-3
-1.463013E+0	-3.803470E-2
-1.453247E+0	-1.407955E-2
-1.443481E+0	-6.603141E-3
-1.433716E+0	-3.719448E-2
-1.423950E+0	1.558607E-2
-1.414185E+0	-1.790409E-2
-1.404419E+0	-3.086082E-2
-1.394653E+0	3.872416E-3
-1.384888E+0	-3.454394E-2
-1.375122E+0	-5.907623E-3
-1.365356E+0	9.987392E-3
-1.355591E+0	-3.704321E-2
-1.345825E+0	-1.584220E-2
-1.336060E+0	8.205048E-3
-1.326294E+0	-3.553213E-2
-1.316528E+0	5.049708E-3
-1.306763E+0	-1.044576E-2
-1.296997E+0	-3.105978E-2
-1.287231E+0	1.215779E-2
-1.277466E+0	-2.196705E-2
-1.267700E+0	-3.471825E-2
-1.257935E+0	1.494645E-2
-1.248169E+0	-1.699811E-2
-1.238403E+0	-1.979662E-2
-1.228638E+0	1.460116E-2
-1.218872E+0	-2.650357E-2
-1.209106E+0	-3.116338E-2
-1.199341E+0	7.662386E-3
-1.189575E+0	-3.517370E-2
-1.179810E+0	-1.456794E-2
-1.170044E+0	-3.959204E-3
-1.160278E+0	-3.771411E-2
-1.150513E+0	5.756681E-3
-1.140747E+0	-1.686166E-2
-1.130981E+0	-3.337984E-2
-1.121216E+0	-7.068604E-4
-1.111450E+0	6.996479E-3
-1.101685E+0	-2.807711E-2
-1.091919E+0	-1.901070E-2
-1.082153E+0	4.222618E-3
-1.072388E+0	-3.851811E-2
-1.062622E+0	-1.648347E-2
-1.052856E+0	-3.507008E-3
-1.043091E+0	-2.940567E-2
-1.033325E+0	2.867267E-2
-1.023560E+0	-1.629109E-2
-1.013794E+0	-4.033008E-2
-1.004028E+0	1.601029E-2
-9.942627E-1	-1.272472E-2
-9.844971E-1	-1.869171E-2
-9.747315E-1	3.451799E-2
-9.649658E-1	3.430095E-3
-9.552002E-1	4.694691E-2
-9.454346E-1	-1.322587E-1
-9.356690E-1	-1.643415E-2
-9.259033E-1	-6.308818E-3
-9.161377E-1	2.812613E-1
-9.063721E-1	-5.629579E-2
-8.966065E-1	-1.605268E-2
-8.868408E-1	-9.500972E-2
-8.770752E-1	-7.587717E-2
-8.673096E-1	-1.458927E-2
-8.575440E-1	1.911133E-2
-8.477783E-1	2.240478E-2
-8.380127E-1	1.752678E-1
-8.282471E-1	-3.396187E-2
-8.184815E-1	-1.919977E-1
-8.087158E-1	-1.805373E-2
-7.989502E-1	7.930417E-3
-7.891846E-1	-1.390197E-2
-7.794190E-1	1.931523E-2
-7.696533E-1	1.659727E-2
-7.598877E-1	2.175531E-2
-7.501221E-1	1.001533E-2
-7.403565E-1	-5.179382E-2
-7.305908E-1	-3.584455E-2
-7.208252E-1	-1.839612E-4
-7.110596E-1	-2.860162E-2
-7.012940E-1	-1.577480E-2
-6.915283E-1	9.905161E-3
-6.817627E-1	-1.570740E-2
-6.719971E-1	-1.193052E-2
-6.622315E-1	1.647230E-2
-6.524658E-1	-3.094633E-2
-6.427002E-1	2.686894E-3
-6.329346E-1	-1.154741E-2
-6.231690E-1	-2.468829E-2
-6.134033E-1	1.315091E-2
-6.036377E-1	-1.231692E-2
-5.938721E-1	-8.156961E-3
-5.841065E-1	8.336550E-3
-5.743408E-1	-1.575178E-2
-5.645752E-1	-1.995284E-2
-5.548096E-1	1.825331E-3
-5.450440E-1	-1.564818E-2
-5.352783E-1	-4.528093E-3
-5.255127E-1	-3.451162E-4
-5.157471E-1	-1.211303E-2
-5.059815E-1	-1.297461E-2
-4.962158E-1	-3.391907E-3
-4.864502E-1	-6.563668E-3
-4.766846E-1	-5.121663E-3
-4.669190E-1	-2.171864E-3
-4.571533E-1	-2.670095E-3
-4.473877E-1	-1.622366E-2
-4.376221E-1	-1.030106E-2
-4.278565E-1	-5.177563E-3
-4.180908E-1	-6.152619E-3
-4.083252E-1	-3.638556E-3
-3.985596E-1	-4.389971E-3
-3.887940E-1	-1.461068E-2
-3.790283E-1	-7.019136E-3
-3.692627E-1	-1.369482E-2
-3.594971E-1	-9.007034E-3
-3.497315E-1	-8.069795E-3
-3.399658E-1	-1.218867E-2
-3.302002E-1	4.296630E-3
-3.204346E-1	-1.021558E-2
-3.106690E-1	-8.627220E-3
-3.009033E-1	-1.031587E-2
-2.911377E-1	-3.114041E-3
-2.813721E-1	-5.909263E-3
-2.716065E-1	-6.471622E-3
-2.618408E-1	-1.071048E-2
-2.520752E-1	-7.860996E-3
-2.423096E-1	-7.611063E-3
-2.325440E-1	-2.007616E-2
-2.227783E-1	-8.655162E-3
-2.130127E-1	-9.427954E-3
-2.032471E-1	-9.220788E-3
-1.934815E-1	-1.514174E-2
-1.837158E-1	-6.547250E-3
-1.739502E-1	-7.607777E-3
-1.641846E-1	-4.842138E-3
-1.544190E-1	3.318285E-3
-1.446533E-1	-1.071543E-2
-1.348877E-1	-6.187131E-3
-1.251221E-1	4.408543E-4
-1.153565E-1	-9.082672E-3
-1.055908E-1	-1.058223E-2
-9.582521E-2	7.548802E-4
-8.605958E-2	-6.813599E-3
-7.629396E-2	3.074947E-3
-6.652833E-2	2.384355E-3
-5.676271E-2	-4.232128E-3
-4.699708E-2	-3.804595E-3
-3.723146E-2	-4.347232E-3
-2.746583E-2	-2.974168E-4
-1.770021E-2	-9.485351E-4
-7.934585E-3	-4.860229E-3
1.831040E-3	-2.392195E-3
1.159666E-2	-5.486696E-3
2.136229E-2	-2.010729E-3
3.112791E-2	-3.293249E-3
4.089354E-2	-7.349626E-3
5.065916E-2	-2.633913E-3
6.042479E-2	5.214072E-4
7.019041E-2	-4.302828E-3
7.995604E-2	-2.958074E-4
8.972166E-2	-2.196548E-3
9.948729E-2	4.605733E-3
1.092529E-1	7.427270E-3
1.190185E-1	-7.911978E-3
1.287842E-1	-3.072914E-3
1.385498E-1	5.830696E-3
1.483154E-1	-2.818070E-3
1.580810E-1	-9.355624E-3
1.678467E-1	-9.705841E-3
1.776123E-1	-1.289734E-2
1.873779E-1	4.446243E-3
1.971435E-1	-5.759651E-3
2.069092E-1	4.950406E-5
2.166748E-1	-1.065284E-3
2.264404E-1	-9.141878E-3
2.362060E-1	-4.319292E-3
2.459717E-1	7.175707E-3
2.557373E-1	2.780609E-3
2.655029E-1	1.356032E-2
2.752685E-1	-6.507788E-3
2.850342E-1	-2.755616E-3
2.947998E-1	1.542465E-3
3.045654E-1	1.258692E-2
3.143310E-1	-8.878805E-3
3.240967E-1	-3.053220E-3
3.338623E-1	6.169418E-3
3.436279E-1	5.227239E-3
3.533935E-1	-2.786665E-2
3.631592E-1	-1.215580E-2
3.729248E-1	3.710934E-2
3.826904E-1	1.913354E-1
3.924560E-1	-8.524944E-2
4.022217E-1	-3.557327E-2
4.119873E-1	1.964622E-1
4.217529E-1	7.058305E-2
4.315185E-1	2.962733E-1
4.412842E-1	7.922362E-2
4.510498E-1	-5.383434E-2
4.608154E-1	6.330725E-2
4.705810E-1	-8.243615E-2
4.803467E-1	-2.373466E-2
4.901123E-1	-7.658425E-2
4.998779E-1	-6.755566E-2
5.096435E-1	-1.187018E-1
5.194092E-1	-7.744747E-2
5.291748E-1	-2.130279E-2
5.389404E-1	-5.657734E-3
5.487060E-1	-2.995696E-3
5.584717E-1	-1.559066E-2
5.682373E-1	-1.650323E-2
5.780029E-1	-1.712968E-2
5.877685E-1	-1.009554E-2
5.975342E-1	-8.638742E-3
6.072998E-1	9.817850E-4
6.170654E-1	-3.954263E-3
6.268310E-1	-2.050210E-3
6.365967E-1	-8.944573E-3
6.463623E-1	-2.901931E-3
6.561279E-1	-1.920328E-3
6.658935E-1	3.022293E-3
6.756592E-1	3.382369E-3
6.854248E-1	2.318549E-3
6.951904E-1	4.724087E-3
7.049560E-1	-4.875069E-3
7.147217E-1	1.095236E-3
7.244873E-1	4.842500E-3
7.342529E-1	8.699714E-4
7.440185E-1	2.611242E-3
7.537842E-1	6.315744E-3
7.635498E-1	-5.276395E-4
7.733154E-1	6.943844E-3
7.830810E-1	-5.207211E-3
7.928467E-1	6.591319E-5
8.026123E-1	3.122613E-3
8.123779E-1	-2.492531E-3
8.221435E-1	1.113997E-2
8.319092E-1	5.570902E-3
8.416748E-1	7.153880E-4
8.514404E-1	4.809614E-3
8.612060E-1	8.303639E-3
8.709717E-1	-2.943784E-5
8.807373E-1	3.804965E-3
8.905029E-1	4.087770E-3
9.002685E-1	8.436555E-4
9.100342E-1	3.722739E-3
9.197998E-1	-1.431636E-2
9.295654E-1	-5.892838E-3
9.393310E-1	2.271551E-2
9.490967E-1	4.111143E-2
9.588623E-1	5.006933E-2
9.686279E-1	1.167290E-1
9.783935E-1	1.219298E-1
9.881592E-1	-1.127122E-2
9.979248E-1	-1.590107E-1
1.007690E+0	-3.131467E-2
1.017456E+0	-1.139328E-3
1.027222E+0	-4.534714E-3
1.036987E+0	9.015596E-3
1.046753E+0	4.914816E-3
1.056519E+0	2.941748E-2
1.066284E+0	9.161139E-2
1.076050E+0	1.213362E-1
1.085815E+0	1.920009E-2
1.095581E+0	-8.114215E-2
1.105347E+0	-1.054327E-1
1.115112E+0	-6.579633E-2
1.124878E+0	2.061085E-2
1.134644E+0	1.743579E-2
1.144409E+0	2.898278E-1
1.154175E+0	3.244772E-1
1.163940E+0	-1.834970E-1
1.173706E+0	-1.502008E-1
1.183472E+0	-4.072970E-2
1.193237E+0	2.147574E-2
