
GammaVision spectrum printed on 6/27/2017 at 9:29:07 AM
>CNS-RLM7302P03 MCB 338                                                          
>123                                                                             
   57:      13664     12586     11661     11014     10388      9480      9071
   64:       8404      7885      7592      7142      6680      6389      5984
   71:       5759      5434      5115      4837      4626      4496      4204
   78:       3930      3829      3592      3439      3231      3216      3038
   85:       2893      2753      2731      2529      2516      2510      2384
   92:       2268      2210      2122      2120      2040      1997      2052
   99:       1883      1819      1876      1849      1800      1778      1701
  106:       1682      1712      1621      1601      1476      1640      1559
  113:       1563      1500      1487      1450      1463      1509      1449
  120:       1441      1425      1436      1376      1418      1405      1482
  127:       1453      1333      1431      1384      1416      1428      1370
  134:       1388      1443      1405      1415      1377      1418      1511
  141:       1458      1457      1423      1506      1387      1364      1492
  148:       1355      1409      1474      1458      1493      1447      1428
  155:       1488      1540      1493      1457      1451      1430      1424
  162:       1516      1543      1495      1478      1510      1460      1493
  169:       1428      1443      1546      1505      1468      1489      1488
  176:       1432      1464      1511      1501      1425      1439      1434
  183:       1437      1458      1419      1395      1407      1333      1412
  190:       1422      1394      1387      1451      1439      1442      1355
  197:       1314      1290      1339      1337      1316      1302      1359
  204:       1299      1358      1272      1309      1236      1229      1243
  211:       1343      1272      1321      1252      1190      1197      1200
  218:       1193      1230      1188      1246      1241      1152      1162
  225:       1143      1184      1142      1137      1092      1132      1180
  232:       1102      1114      1171      1059      1026      1130      1054
  239:       1093      1079      1043      1068      1080      1108      1120
  246:       1061      1068      1028      1099      1059      1029      1066
  253:       1050      1041      1033      1036      1015      1104      1019
  260:       1023      1034      1028       977      1010       951      1021
  267:       1031       974      1037      1039      1055      1005       960
  274:        949      1001      1039       990       931      1005       975
  281:        972       947      1015       991       909       940       937
  288:        859       909       946       900       872       882       913
  295:        850       886       802       815       896       797       792
  302:        803       808       768       730       774       782       721
  309:        731       738       685       718       713       681       704
  316:        680       638       647       611       610       605       592
  323:        538       560       547       590       576       548       527
  330:        501       518       482       462       449       389       448
  337:        419       469       404       391       398       397       361
  344:        355       361       348       339       373       351       354
  351:        301       370       326       302       299       311       288
  358:        316       255       291       303       330       290       301
  365:        296       310       290       282       310       297       302
  372:        318       289       352       339       345       327       361
  379:        355       381       417       372       405       423       460
  386:        449       488       500       527       539       601       639
  393:        625       656       772       738       776       905       870
  400:        953      1028      1051      1148      1135      1308      1318
  407:       1376      1474      1601      1687      1805      1804      1973
  414:       1954      2131      2243      2366      2457      2579      2626
  421:       2693      2941      2940      3080      3200      3433      3512
  428:       3441      3611      3768      3859      3872      4113      4074
  435:       4247      4172      4383      4459      4408      4530      4392
  442:       4446      4380      4581      4547      4492      4413      4336
  449:       4330      4351      4080      4101      4070      4013      3922
  456:       3760      3759      3602      3436      3417      3295      3115
  463:       3103      2877      2722      2655      2508      2352      2182
  470:       2140      2024      1983      1804      1706      1688      1509
  477:       1371      1342      1205      1203      1089      1025       973
  484:        887       803       791       693       663       571       564
  491:        575       467       422       388       392       357       288
  498:        268       284       250       242       190       196       190
  505:        153       138       139       134       130       101       110
  512:         91       102        80        69        69        58        61
  519:         59        72        46        50        51        40        40
  526:         48        45        28        40        41        41        32
  533:         42        34        28        26        32        33        33
  540:         38        22        27        46        41        41        32
  547:         27        30        26        28        41        42        35
  554:         39        24        40        31        24        31        44
  561:         29        31        28        34        29        24        30
  568:         19        28        36        30        27        26        28
  575:         20        26        30        18        18        24        22
  582:         27        28        25        31        26        29        29
  589:         22        25        26        33        29        30        38
  596:         27        31        24        29        22        31        21
  603:         22        19        28        39        29        25        26
  610:         35        25        26        29        22        32        29
  617:         24        23        39        24        28        24        29
  624:         20        28        17        21        19        24        21
  631:         26        28        18        18        19        29        25
  638:         27        24        23        17        31        28        20
  645:         23        10        16        15        26        25        23
  652:         25        26        18        21        24        20        21
  659:         28        22        21        24        19        14        17
  666:         22        22        23        21        19        19        22
  673:         15        24        19        20        17        21        14
  680:         30        20        23        23        17        20        28
  687:         23        27        17        22        20        25        14
  694:         21        21        18        23        21        20        20
  701:         17        18        25        12        17        14        21
  708:         15        14        16        19        14        24        30
  715:         16        25        19        18        23        16        28
  722:         19        20        14        21        17        16        23
  729:         16        19        22        19        15        22        24
  736:         24        17        19        23        18        24        13
  743:         15        16        14        25        24        17        25
  750:         17        12        16        12        13        25        13
  757:         15        15        24        18        20        14        19
  764:         17        17        19        23        20        22        16
  771:         22        20        15        10        12        15        19
  778:         17        23         8        13        15        13        19
  785:         13        10        20        17        23        15        19
  792:         17        16        21        18        10        15        13
  799:         10        18        15        17        10        11        12
  806:         13        19        16        16        17        16        17
  813:         15        14        11        13        13        15        13
  820:         13        19        16        15        21        27        21
  827:         15        23        16        17        19        14         7
  834:         21        20        11        10        11        11        17
  841:          9        20        15        23        12        18        13
  848:         14         8        19        18        10         8        13
  855:         26        14        11        16        11        16        14
  862:         12         8        17        12        22        11        14
  869:          8        12         8        10        16        13         7
  876:         17        17        10        14        18        10        14
  883:         16        17        12         7        16        14        13
  890:         22        16        11        18         8        12        14
  897:         11        12        18        11        12         9        10
  904:         19         5        20        14        17        13        10
  911:         16        14        20        21        21        11        11
  918:          7        16        13        15        16        13         7
  925:         16        11        16        12        17        15        20
  932:         18        19        15        13        14         9        12
  939:         18        12        14        19        21        12        10
  946:         23        11        21        11        14        14        20
  953:         12        19         8        16        17        12         9
  960:         13        16        16         8        15        12         8
  967:         18        14        16        14        21         9        13
  974:         21        14        12         9        16        14        17
  981:          8         4         5        15        12        11         8
  988:          9         9        10        16        11         4        10
  995:         11         7         6         8         2         9         8
 1002:          9         5        10         8         5         5         8
 1009:         15        11         6         9         7         7         1
 1016:          5        12         6         2         6         6         5
 1023:          6         8        10        10         5         5         5
 1030:          2        12         4         8         5         9         5
 1037:          5         8         6        13         5         8         5
 1044:          6         7         5         5         8         6         7
 1051:          2        10         6         6         4         3         4
 1058:          7         7         5         4         6         4         3
 1065:          9        10         7         0         3         5         5
 1072:          6         4         9         3         1         7         6
 1079:          5         7         8         2         4         2         5
 1086:          3         5         4         2         5         5         3
 1093:          4         4         4         4        10         4         2
 1100:          2         4         3         4         3         5         6
 1107:          6         8         1         4         6         2         2
 1114:          6         5         5         4         2         5         5
 1121:          7         5         3         9         6         8         6
 1128:          5         3         5         8         4         6         6
 1135:          6         4         3         3         7         4         2
 1142:          2         5         6         8         6         4         6
 1149:          5         6         4        12         7        12         3
 1156:          4         6         7         4         9         5         5
 1163:          6         3         8         1         7         2         3
 1170:          5         5         2         5         6         6         4
 1177:          5         3         4         5         8         4         1
 1184:          3         4         6         5         2         2         6
 1191:          6         7         7         4         2         2         5
 1198:          4         1         3         9         8         6         3
 1205:          5         2         1         2         2         2         3
 1212:          2         4         2         2         4         0         1
 1219:          4         2         4         2         3         1         2
 1226:          3         1         2         5         3         1         8
 1233:          3         4         3         1         3         3         6
 1240:          5         3         1         3         3         0         2
 1247:          1         2         2         5         5         2         4
 1254:          4         5         2         4         3         3         6
 1261:          1         4         3         2         0         2         1
 1268:          3         1         4         2         1         2         2
 1275:          2         4         3         1         3         1         3
 1282:          5         5         3         1         5         3         1
 1289:          5         5         3         2         2         3         2
 1296:          3         6         3         4         2         2         6
 1303:          0         1         3         3         2         4         4
 1310:          2         1         1         1         2         4         2
 1317:         11         0         6         3         3         2         1
 1324:          0         4         2         3         4         4         4
 1331:          4         4         2         4         3         4         4
 1338:          4         2         4         2         2         2         2
 1345:          2         4         5         3         3         1         3
 1352:          4         1         5         4         6         2         3
 1359:          2         6         3         2         3         0         2
 1366:          1         3         1         3         2         3         2
 1373:          3         3         3         4         3         5         0
 1380:          4         4         4         2         2         0         8
 1387:          3         5         5         3         0         1         2
 1394:          2         3         4         4         1         4         3
 1401:          4         3         3         4         2         1         1
 1408:          2         3         2         5         3         3         3
 1415:          1         0         0         4         3         2         3
 1422:          2         0         6         7         3         5         4
 1429:          2         2         4         2         1         3         1
 1436:          2         1         3         4         2         0         2
 1443:          4         1         2         1         1         2         2
 1450:          3         3         2         1         3         2         2
 1457:          2         2         2         3         5         6         5
 1464:          3