-2.978821E+0	-1.028502E-1
-2.957459E+0	-7.829404E-2
-2.936096E+0	-6.252237E-2
-2.914734E+0	7.038637E-1
-2.893372E+0	-6.359413E-1
-2.872009E+0	-1.319198E-1
-2.850647E+0	5.813865E-1
-2.829285E+0	1.071260E-1
-2.807922E+0	-5.978505E-1
-2.786560E+0	-6.565469E-2
-2.765198E+0	1.731684E-2
-2.743835E+0	2.050496E-1
-2.722473E+0	-1.803308E-1
-2.701111E+0	4.049341E-3
-2.679749E+0	-1.835446E-2
-2.658386E+0	-2.260496E-3
-2.637024E+0	9.132540E-3
-2.615662E+0	-7.173690E-4
-2.594299E+0	-1.963863E-2
-2.572937E+0	1.062963E-2
-2.551575E+0	6.305241E-3
-2.530212E+0	-7.470325E-3
-2.508850E+0	2.865454E-3
-2.487488E+0	1.256327E-2
-2.466125E+0	3.782123E-3
-2.444763E+0	1.165974E-2
-2.423401E+0	3.517669E-2
-2.402039E+0	-2.415952E-2
-2.380676E+0	6.879069E-3
-2.359314E+0	3.173937E-2
-2.337952E+0	1.554922E-2
-2.316589E+0	-4.773402E-2
-2.295227E+0	-2.229248E-2
-2.273865E+0	-7.225353E-3
-2.252502E+0	-6.276615E-3
-2.231140E+0	-8.842837E-4
-2.209778E+0	-2.307387E-3
-2.188416E+0	-1.767048E-2
-2.167053E+0	-1.609199E-2
-2.145691E+0	-6.570118E-3
-2.124329E+0	1.642933E-3
-2.102966E+0	-2.230645E-2
-2.081604E+0	4.360479E-4
-2.060242E+0	-5.370637E-3
-2.038879E+0	-1.489416E-2
-2.017517E+0	-1.864799E-2
-1.996155E+0	5.453488E-3
-1.974792E+0	-2.318285E-2
-1.953430E+0	-9.622685E-3
-1.932068E+0	-1.720398E-3
-1.910706E+0	-2.738064E-2
-1.889343E+0	-1.109266E-2
-1.867981E+0	4.363331E-3
-1.846619E+0	-1.792207E-2
-1.825256E+0	-3.690229E-3
-1.803894E+0	-1.713448E-2
-1.782532E+0	-1.023601E-2
-1.761169E+0	-2.749985E-2
-1.739807E+0	-2.999583E-2
-1.718445E+0	1.731841E-2
-1.697083E+0	8.294554E-2
-1.675720E+0	1.850392E-2
-1.654358E+0	-9.643027E-2
-1.632996E+0	-1.355164E-2
-1.611633E+0	-5.600853E-3
-1.590271E+0	1.249936E-3
-1.568909E+0	-1.605502E-2
-1.547546E+0	-2.305379E-2
-1.526184E+0	-1.480128E-2
-1.504822E+0	-1.150783E-2
-1.483459E+0	-2.180662E-2
-1.462097E+0	-1.059363E-2
-1.440735E+0	-1.401697E-2
-1.419373E+0	-1.821804E-2
-1.398010E+0	-1.411727E-2
-1.376648E+0	-4.753244E-3
-1.355286E+0	-1.780533E-2
-1.333923E+0	-5.503023E-3
-1.312561E+0	-1.163938E-2
-1.291199E+0	-2.324682E-3
-1.269836E+0	-1.738934E-2
-1.248474E+0	-1.689278E-2
-1.227112E+0	-9.373606E-3
-1.205750E+0	-2.066552E-2
-1.184387E+0	-1.734084E-2
-1.163025E+0	-9.733695E-3
-1.141663E+0	-1.527072E-2
-1.120300E+0	-6.210881E-3
-1.098938E+0	-1.264650E-2
-1.077576E+0	-1.585197E-2
-1.056213E+0	-1.105157E-2
-1.034851E+0	-3.440313E-3
-1.013489E+0	-1.234230E-2
-9.921265E-1	-2.272069E-3
-9.707642E-1	-3.515857E-4
-9.494019E-1	-3.702579E-3
-9.280396E-1	-3.756840E-3
-9.066773E-1	8.862814E-3
-8.853150E-1	6.285445E-3
-8.639527E-1	1.529020E-2
-8.425903E-1	1.602436E-2
-8.212280E-1	1.881548E-2
-7.998657E-1	3.444741E-2
-7.785034E-1	3.228111E-2
-7.571411E-1	4.349656E-2
-7.357788E-1	5.371560E-2
-7.144165E-1	5.874044E-2
-6.930542E-1	7.241652E-2
-6.716919E-1	8.880234E-2
-6.503296E-1	9.384856E-2
-6.289673E-1	1.072632E-1
-6.076050E-1	1.284322E-1
-5.862427E-1	1.539691E-1
-5.648804E-1	1.598226E-1
-5.435181E-1	1.927833E-1
-5.221558E-1	2.244985E-1
-5.007935E-1	2.454044E-1
-4.794312E-1	2.785312E-1
-4.580689E-1	2.951834E-1
-4.367066E-1	3.422518E-1
-4.153443E-1	3.752454E-1
-3.939820E-1	4.097238E-1
-3.726196E-1	4.659400E-1
-3.512573E-1	5.007538E-1
-3.298950E-1	5.373779E-1
-3.085327E-1	5.986856E-1
-2.871704E-1	7.442712E-1
-2.658081E-1	8.618740E-1
-2.444458E-1	8.062406E-1
-2.230835E-1	1.073683E+0
-2.017212E-1	7.590826E-1
-1.803589E-1	1.036664E+0
-1.589966E-1	1.405652E+0
-1.376343E-1	1.087490E+0
-1.162720E-1	1.602122E+0
-9.490969E-2	1.085594E+0
-7.354738E-2	2.313030E+0
-5.218508E-2	1.482701E+0
-3.082277E-2	1.731555E+0
-9.460467E-3	1.877161E+0
1.190184E-2	2.131995E+0
3.326414E-2	6.739045E-1
5.462645E-2	2.114823E+0
7.598875E-2	2.221328E+0
9.735106E-2	2.234993E+0
1.187134E-1	2.093688E+0
1.400757E-1	2.351540E+0
1.614380E-1	2.437870E+0
1.828003E-1	2.507629E+0
2.041626E-1	2.708655E+0
2.255249E-1	2.873234E+0
2.468872E-1	2.906813E+0
2.682495E-1	2.994318E+0
2.896118E-1	3.084166E+0
3.109741E-1	3.173006E+0
3.323364E-1	3.301669E+0
3.536987E-1	3.387962E+0
3.750610E-1	3.466508E+0
3.964233E-1	3.578212E+0
4.177856E-1	3.689446E+0
4.391479E-1	3.755471E+0
4.605102E-1	3.846557E+0
4.818725E-1	3.941626E+0
5.032348E-1	4.034046E+0
5.245971E-1	4.109362E+0
5.459595E-1	4.192862E+0
5.673218E-1	4.273899E+0
5.886841E-1	4.360304E+0
6.100464E-1	4.466160E+0
6.314087E-1	4.564970E+0
6.527710E-1	4.645435E+0
6.741333E-1	4.731536E+0
6.954956E-1	5.035100E+0
7.168579E-1	4.898071E+0
7.382202E-1	4.722623E+0
7.595825E-1	4.797598E+0
7.809448E-1	5.148073E+0
8.023071E-1	7.182083E+0
8.236694E-1	3.025401E+0
8.450317E-1	5.162488E+0
8.663940E-1	5.340175E+0
8.877563E-1	5.358828E+0
9.091186E-1	5.417212E+0
9.304809E-1	5.538715E+0
9.518432E-1	5.535109E+0
9.732055E-1	5.596916E+0
9.945678E-1	5.686316E+0
1.015930E+0	5.747900E+0
1.037292E+0	5.826820E+0
1.058655E+0	5.891955E+0
1.080017E+0	5.935295E+0
1.101379E+0	6.072873E+0
1.122742E+0	6.439843E+0
1.144104E+0	5.795681E+0
