
GammaVision spectrum printed on 6/26/2017 at 11:13:12 AM
>CNS-RLM7302P03 MCB 338                                                          
>123                                                                             
    0:          0         0         0         0         0         0         0
    7:          0         0         0         1         0         0         0
   14:          0         0         0         0         0         0         0
   21:          0         0         0         0         0         0         0
   28:          0         0         0         0         0         0         0
   35:          0         0         0         0         0         0         0
   42:          0         0         0         0         1         0         0
   49:          0         8      1053      3345      5057      7601      8840
   56:       8969      8880      8849      8685      8678      8510      8439
   63:       8440      8329      8323      8141      7894      7976      7891
   70:       7714      7519      7347      7100      6949      6881      6536
   77:       6377      6275      5965      5816      5658      5540      5332
   84:       5130      4950      4830      4652      4433      4486      4311
   91:       4078      4031      4026      3961      3914      3895      3816
   98:       3707      3826      3814      3838      3790      3763      3657
  105:       3641      3654      3767      3672      3648      3677      3527
  112:       3664      3556      3664      3705      3678      3621      3609
  119:       3663      3690      3746      3801      3728      3731      3727
  126:       3794      3830      3902      3907      3923      3902      3939
  133:       3903      3934      3924      3949      3945      3923      3991
  140:       4038      3972      4062      4099      4131      4158      4174
  147:       4274      4225      4362      4225      4291      4475      4425
  154:       4447      4469      4521      4598      4739      4751      4672
  161:       4640      4809      4877      4938      5052      5034      4977
  168:       5097      5200      5260      5241      5353      5399      5259
  175:       5358      5300      5388      5497      5414      5514      5617
  182:       5498      5507      5602      5552      5622      5590      5690
  189:       5677      5586      5640      5744      5708      5805      5678
  196:       5747      5818      5684      5949      5750      5802      5834
  203:       5779      5736      5813      5729      5701      5730      5573
  210:       5826      5574      5778      5719      5758      5703      5725
  217:       5573      5669      5653      5647      5657      5694      5551
  224:       5737      5541      5550      5404      5464      5613      5540
  231:       5504      5474      5465      5414      5453      5515      5285
  238:       5458      5304      5404      5208      5134      5103      5286
  245:       5201      5112      5284      5154      5075      4979      5001
  252:       5091      4960      4930      4987      5011      4916      4941
  259:       4824      4733      4868      4920      4844      4795      4609
  266:       4769      4617      4769      4627      4674      4590      4565
  273:       4556      4530      4597      4545      4424      4513      4509
  280:       4450      4322      4447      4312      4312      4395      4482
  287:       4351      4286      4246      4268      4139      4170      4185
  294:       4090      4235      4099      4122      4086      4193      4087
  301:       4133      4189      3988      4004      3942      4026      3968
  308:       3845      3913      3889      3887      3911      3882      3833
  315:       3929      3804      3903      3779      3835      3743      3755
  322:       3830      3690      3650      3762      3858      3832      3728
  329:       3687      3730      3636      3607      3689      3624      3672
  336:       3616      3605      3540      3563      3679      3527      3587
  343:       3491      3569      3402      3528      3629      3441      3504
  350:       3583      3421      3605      3569      3471      3472      3493
  357:       3500      3425      3510      3508      3473      3427      3441
  364:       3487      3442      3463      3430      3415      3350      3332
  371:       3491      3451      3284      3413      3278      3335      3437
  378:       3375      3353      3159      3313      3256      3374      3302
  385:       3347      3132      3229      3303      3343      3218      3193
  392:       3201      3235      3106      3144      3077      3224      3204
  399:       3095      3173      3158      3050      3019      3082      3036
  406:       2991      3104      3021      2958      2944      3006      3037
  413:       3042      3107      3135      3023      3042      3032      3030
  420:       2974      3008      2916      2999      2913      2921      3177
  427:       2996      2904      2905      2941      3014      2952      3001
  434:       2976      2853      3096      2909      2971      2917      2900
  441:       2899      2968      2928      2893      2901      3030      2940
  448:       2925      2958      2890      2973      2859      2983      3015
  455:       3008      2896      2925      2825      2934      2927      2850
  462:       2973      2884      2911      2859      2892      2977      2965
  469:       2828      2922      2967      3038      2845      2889      2965
  476:       2969      2844      2948      2935      2893      2940      2922
  483:       3036      2947      2858      2754      2906      2936      2906
  490:       2887      2931      2959      2970      2920      2895      3018
  497:       2945      2921      2993      2988      2976      3004      2971
  504:       2947      2850      2903      2958      2947      3020      2943
  511:       2980      2970      3077      2947      2954      2865      2941
  518:       2938      3068      2994      2901      2875      3012      2985
  525:       3044      2995      2993      3030      3149      3035      3010
  532:       3088      3108      3013      3018      3048      3012      3021
  539:       3015      2988      3091      3131      3003      3118      3016
  546:       3115      3097      3124      3133      2948      3046      3172
  553:       3110      3135      3125      3067      3056      3071      3144
  560:       3067      3199      3058      3201      3030      3153      3152
  567:       3118      3129      3240      3179      3195      3175      3132
  574:       3152      3159      3172      3135      3142      3100      3141
  581:       3262      3238      3202      3199      3191      3232      3176
  588:       3047      3078      3116      3175      3280      3291      3214
  595:       3323      3189      3138      3248      3154      3181      3154
  602:       3234      3096      3225      3207      3099      3164      3180
  609:       3140      3036      3031      3255      3137      3094      3132
  616:       3229      2940      3152      3095      3178      2964      3149
  623:       3094      3067      3123      3009      3074      2993      2914
  630:       3054      2969      2888      2965      2924      2946      2904
  637:       2890      2733      2854      2815      2778      2806      2826
  644:       2876      2877      2752      2696      2696      2764      2808
  651:       2830      2732      2816      2668      2742      2594      2684
  658:       2720      2628      2542      2686      2648      2604      2529
  665:       2561      2569      2515      2499      2484      2529      2594
  672:       2527      2471      2486      2422      2456      2407      2513
  679:       2387      2381      2365      2319      2314      2330      2288
  686:       2338      2301      2392      2348      2334      2332      2352
  693:       2352      2285      2318      2327      2295      2262      2284
  700:       2315      2279      2211      2247      2308      2222      2304
  707:       2231      2308      2275      2245      2276      2266      2324
  714:       2394      2378      2345      2395      2297      2358      2362
  721:       2430      2438      2378      2399      2352      2469      2425
  728:       2531      2534      2559      2538      2619      2728      2623
  735:       2766      2715      2654      2851      2853      2968      2969
  742:       3158      3054      3079      3285      3225      3447      3433
  749:       3494      3493      3551      3756      3756      3790      3908
  756:       4013      4137      4152      4195      4323      4442      4617
  763:       4514      4669      4770      4870      4912      5130      5127
  770:       5300      5346      5459      5604      5605      5722      5960
  777:       6048      6037      6065      6308      6395      6447      6467
  784:       6525      6642      6702      6744      6787      6682      7013
  791:       6995      7123      6974      7084      7078      7081      7209
  798:       7025      7126      7183      7060      6945      6940      6895
  805:       6990      6711      6862      6699      6751      6611      6558
  812:       6445      6401      6211      6103      6079      6015      5988
  819:       5816      5650      5600      5544      5319      5289      5226
  826:       5209      5042      4876      4821      4820      4607      4650
  833:       4520      4559      4415      4219      4229      4151      4241
  840:       4031      4026      3869      4098      3930      3961      3931
  847:       3893      3742      3822      3702      3820      3693      3803
  854:       3787      3812      3831      3876      3937      3888      3910
  861:       3948      4106      4061      4167      4053      4169      4180
  868:       4268      4305      4321      4313      4421      4498      4392
  875:       4641      4541      4651      4723      4835      4940      4898
  882:       4998      5041      5028      5220      5281      5173      5238
  889:       5326      5292      5375      5426      5403      5400      5431
  896:       5544      5440      5438      5520      5400      5439      5530
  903:       5349      5455      5213      5442      5348      5283      5176
  910:       5321      5115      5140      4915      4955      4775      4894
  917:       4770      4773      4620      4549      4544      4474      4287
  924:       4217      4074      4050      3915      3894      3665      3647
  931:       3698      3609      3349      3297      3192      3136      2930
  938:       2921      2862      2708      2679      2423      2514      2465
  945:       2361      2356      2199      2082      2157      1975      1998
  952:       1864      1887      1710      1775      1618      1565      1610
  959:       1511      1418      1439      1366      1202      1270      1198
  966:       1182      1127      1086      1110      1032       940       905
  973:        913       883       862       842       820       750       784
  980:        717       679       724       666       622       626       602
  987:        566       564       545       571       465       477       492
  994:        473       468       490       459       406       422       431
 1001:        416       392       360       366       351       369       341
 1008:        333       343       313       330       308       324       282
 1015:        276       302       288       300       264       311       251
 1022:        278       266       281       248       247       267       225
 1029:        265       250       262       230       233       236       242
 1036:        250       235       238       240       241       198       228
 1043:        235       209       220       227       217       221       209
 1050:        235       227       228       221       235       212       205
 1057:        227       211       208       215       194       231       216
 1064:        206       197       235       216       192       200       217
 1071:        205       189       213       206       201       190       213
 1078:        193       189       195       213       192       195       183
 1085:        183       193       209       200       208       197       192
 1092:        198       200       177       203       188       203       187
 1099:        185       180       189       164       210       213       196
 1106:        194       177       175       179       188       186       179
 1113:        186       199       156       177       178       170       189
 1120:        186       191       192       187       177       184       185
 1127:        165       176       165       191       151       185       166
 1134:        163       171       166       179       164       174       170
 1141:        182       186       163       189       169       192       168
 1148:        184       160       157       169       159       165       165
 1155:        169       173       160       144       158       169       171
 1162:        159       157       134       135       175       175       145
 1169:        186       148       178       148       164       136       154
 1176:        139       131       157       162       150       162       152
 1183:        147       159       150       130       159       122       169
 1190:        133       147       125       152       134       144       141
 1197:        129       155       114       141       141       136       147
 1204:        133       127       157       145       135       131       143
 1211:        134       112       136       137       127       123       132
 1218:        144       146       135       129       148       137       147
 1225:        142       144       115       124       126       111       128
 1232:        112       122       121       123       135       141       145
 1239:        124       131       124       141       129       128       143
 1246:        140       116       136       117       120       141       113
 1253:        117       134       121       132       117       115       102
 1260:        126       120       141       120       118       121       112
 1267:         97       147       117       111       123       120       126
 1274:         98       120        98       113       105       116       120
 1281:        130       121       105       120       124       116       108
 1288:        113       110       117       114       111       122       111
 1295:        104       114       109       111       142       115       117
 1302:        126       127       107        85       113       124       109
 1309:        106       110       108       113       118        93        94
 1316:         95       115        95       106       117       131       108
 1323:        104       102       105       100       103        92       114
 1330:         90       105       106       106        90       105       112
 1337:         94       114        91       110       101       101        97
 1344:        100       111       104       111       119        85        99
 1351:        100        96       102        86       111       114       111
 1358:        103        89        93        95       128       119        95
 1365:        116       105       111        83       106       118       105
 1372:        111        90       115        95       100        95        89
 1379:        108        98       123        93        78       101       123
 1386:        113        97       114        98        96        91        89
 1393:        103       106       110       107        89       102       103
 1400:        106        92        99        93        85        91       112
 1407:         88       113        95       103       111        89        82
 1414:        106       104       118        82        89       100       105
 1421:        114        97        99        88       106       100       106
 1428:        101        95       104       105        96       110        79
 1435:        100       110        99       101       118        96        94
 1442:        102       108       104       101       102       101        86
 1449:         93        84        78        79       119        92        97
 1456:         88        96        87       100        98        86        74
 1463:         91        78       103        93        87        89        86
 1470:         78        93       100        75       108        86        86
 1477:         82        87        88        93        88        91        83
 1484:         78        93        79        89        83        77        75
 1491:         81        95        86        84        91        89        82
 1498:         85        83        75        89        80        75        80
 1505:         74        70        78        69        76        78        81
 1512:         58        62        79        77        94        80        75
 1519:         64        68        74        67        85        62        69
 1526:         72        74        46        56        59        71        73
 1533:         61        57        70        77        66        63        64
 1540:         78        75        51        59        62        69        60
 1547:         59        47        63        48        68        69        52
 1554:         58        49        51        47        60        54        71
 1561:         47        50        48        60        50        63        52
 1568:         58        69        57        52        70        66        56
 1575:         45        52        42        59        50        57        45
 1582:         59        40        36        50        53        38        65
 1589:         51        49        46        62        58        60        46
 1596:         61        62        55        64        58        58        65
 1603:         59        60        62        66        73        66        76
 1610:         76        49        73        68        63        71        80
 1617:         63        80        84        81        77        57        68
 1624:         76        75        75        91        70        90        89
 1631:         89        91        76        82        87        79        95
 1638:         83        91        89        86        72        93        94
 1645:         88       120        98        98        91        84        88
 1652:        104        97        98        97        80       108       100
 1659:         83        81        95       103       115       104       114
 1666:         87       114       109       105       115       106       110
 1673:        105       104       102       107       104       104       108
 1680:        107       101       102        84       110       111       118
 1687:         97        95       105       104        94       103       100
 1694:         96       102        97        81        83       100        83
 1701:         99        73        86        85       103        69        78
 1708:         76        90        86        74        65        69        54
 1715:         70        69        72        60        63        68        58
 1722:         57        64        45        56        59        52        53
 1729:         55        59        46        45        50        54        47
 1736:         62        38        37        42        34        47        46
 1743:         34        37        47        27        29        32        17
 1750:         35        28        35        26        32        32        36
 1757:         34        29        32        16        23        29        23
 1764:         26        16        21        17        23        21        16
 1771:         15        23        18        26        22        14        13
 1778:         20        16        15        13        12         8        17
 1785:         13        19        11        11        16        10        14
 1792:         12         9        13         9        10        15        11
 1799:          9        10         8         9        14        11         7
 1806:          7         9         4         9         4         2         7
 1813:          4        18         6         7         5         4         3
 1820:          5         6         7        12         5         7         2
 1827:         10         9         0         6        10         5         4
 1834:          5         8         8         6         0         3        12
 1841:          8         6         7         3         3         9         8
 1848:          5         4         3         5         5         1         3
 1855:          6         5         3         0         5         6         6
 1862:          0         2         3         5         1         2         1
 1869:          5         3         3         3         4         5         5
 1876:          3         2         4         7         6         2         6
 1883:          5         3         4         2         5         1         2
 1890:          4         6         1         2         3         4         2
 1897:          4         5         4         5         4         1         2
 1904:          1         0         3         4         5         4         4
 1911:          2         0         1         2         2         0         2
 1918:          5         2