
GammaVision spectrum printed on 6/26/2017 at 10:48:31 AM
>CNS-RLM7302P03 MCB 338                                                          
>123                                                                             
    7:          0         0         0         0         0         0         0
   14:          0         0         0         0         0         0         0
   21:          0         0         0         0         0         0         0
   28:          0         0         0         0         0         0         0
   35:          0         0         0         0         0         0         0
   42:          0         0         0         0         0         0         0
   49:          0        14      1057      3220      4093      5081      5078
   56:       5075      4760      4578      4452      4288      4010      3834
   63:       3764      3660      3553      3318      3231      3086      3001
   70:       2948      2868      2825      2615      2531      2457      2325
   77:       2191      2200      2121      2057      1961      1898      1844
   84:       1756      1705      1662      1648      1529      1525      1516
   91:       1457      1497      1432      1385      1380      1338      1303
   98:       1256      1368      1299      1338      1301      1254      1243
  105:       1230      1251      1288      1311      1237      1259      1288
  112:       1197      1275      1289      1223      1219      1252      1256
  119:       1197      1199      1212      1225      1236      1223      1258
  126:       1276      1208      1205      1281      1185      1298      1262
  133:       1243      1274      1295      1258      1275      1327      1317
  140:       1348      1365      1341      1307      1304      1278      1369
  147:       1368      1354      1384      1394      1390      1378      1388
  154:       1412      1401      1405      1378      1459      1469      1400
  161:       1435      1399      1484      1408      1361      1457      1443
  168:       1463      1407      1434      1508      1459      1465      1409
  175:       1397      1425      1441      1364      1434      1441      1410
  182:       1382      1372      1408      1374      1437      1360      1456
  189:       1412      1399      1404      1348      1264      1342      1245
  196:       1312      1307      1313      1259      1256      1304      1303
  203:       1277      1288      1228      1288      1260      1304      1312
  210:       1331      1206      1224      1130      1162      1273      1202
  217:       1215      1253      1217      1148      1182      1179      1065
  224:       1195      1173      1152      1165      1158      1164      1061
  231:       1077      1145      1162      1149      1141      1034      1141
  238:       1075      1104      1113      1085      1067      1098      1074
  245:       1066      1104      1089      1122      1063      1016      1096
  252:       1025      1081      1087      1076      1028      1070      1009
  259:       1074      1117      1032      1051      1065      1014       981
  266:       1041      1039       966      1012       976      1019      1011
  273:       1024      1010      1007      1062       974       981      1023
  280:        991       993      1059       979      1020       986      1003
  287:        990      1011      1003       958       943       899       929
  294:        966       901       952       897       945       922       891
  301:        949       872       930       940       871       824       880
  308:        834       875       852       844       818       849       780
  315:        835       777       704       771       825       736       708
  322:        735       691       740       678       685       623       577
  329:        610       617       578       587       586       563       543
  336:        555       539       504       494       483       461       473
  343:        437       453       423       437       408       420       414
  350:        407       397       371       349       369       381       370
  357:        373       345       369       314       380       321       327
  364:        336       316       320       315       302       291       275
  371:        272       294       292       333       294       310       290
  378:        290       309       344       284       307       314       293
  385:        348       346       364       334       319       367       394
  392:        383       392       417       415       444       437       462
  399:        493       521       520       579       561       619       632
  406:        696       743       722       813       815       937       938
  413:        987      1092      1117      1224      1240      1340      1327
  420:       1493      1524      1613      1704      1879      1862      1959
  427:       2098      2260      2298      2535      2597      2787      2768
  434:       2983      3144      3184      3385      3417      3628      3740
  441:       3869      3903      4080      4141      4313      4370      4385
  448:       4562      4577      4700      4770      4807      4895      4876
  455:       4877      5031      4887      4882      4989      4788      4734
  462:       4745      4650      4555      4486      4408      4455      4221
  469:       3981      3922      3937      3701      3424      3393      3366
  476:       3151      2984      2917      2675      2689      2453      2380
  483:       2288      2184      1948      1837      1725      1612      1530
  490:       1406      1308      1264      1163      1096      1091       948
  497:        839       778       728       695       615       586       543
  504:        514       461       394       385       377       310       290
  511:        296       227       221       234       185       180       159
  518:        180       131       113       136        98       103        94
  525:         86        80        75        71        86        64        53
  532:         60        43        63        50        53        41        44
  539:         40        44        35        52        48        37        39
  546:         45        33        38        34        45        28        32
  553:         37        36        31        39        31        34        30
  560:         47        33        32        38        26        33        37
  567:         39        35        29        33        36        31        26
  574:         34        26        47        34        36        32        34
  581:         29        31        39        24        33        32        20
  588:         35        24        36        38        29        32        29
  595:         40        33        38        44        32        28        41
  602:         33        27        35        43        28        32        27
  609:         38        29        24        33        33        35        35
  616:         31        38        28        29        30        39        35
  623:         45        33        30        45        28        33        24
  630:         22        32        38        25        38        26        24
  637:         26        29        33        34        40        32        23
  644:         31        29        25        30        29        28        23
  651:         25        33        27        20        21        31        26
  658:         25        37        27        36        28        29        25
  665:         23        27        27        23        29        26        24
  672:         34        26        25        22        20        16        31
  679:         21        23        31        32        33        33        25
  686:         22        20        25        22        16        22        28
  693:         20        22        23        28        18        21        23
  700:         25        21        23        27        24        27        27
  707:         11        17        20        20        22        29        25
  714:         22        13        17        19        20        22        21
  721:         24        22        20        18        21        19        17
  728:         27        21        28        18        19        15        22
  735:         23        23        29        27        24        22        16
  742:         18        21        21        25        23        27        24
  749:         20        24        19        19        17        16        21
  756:         22        18        20        17        25        28        16
  763:         18        26        23        22        19        22        19
  770:         21        24        17        18        24        21        18
  777:         18        20        22        18        20        21        13
  784:         16        21        22        10        13        21        21
  791:         25        20        19        12        16        16        22
  798:         19        16        16        15        17        19        18
  805:         17        18        15        20        22        18        18
  812:         21        23        21        15        14        23        24
  819:         15        24        20        16        22        19        27
  826:         21        25        19        12        27        25        26
  833:         17        24        19        17        18        31        22
  840:         10        20        23        13        18        19        24
  847:         21        28        20        20        21        24        15
  854:         22        24        19        18        18        23        16
  861:         23        13        17        13        23        22        23
  868:         28        21        13        19        21        31        10
  875:         25        30        19        21        15        23        21
  882:         18        15        25        24        20        10        14
  889:         23        22        19        17        17        21        16
  896:         15        19        12        12        23        14        15